T.BREAK,BREAK,T.SYNC,SYNC,T.PID,PID,T.D,Dn...
0.639059000000000,0,0.639837375000000,85,0.640408125000000,60,0.641238500000000,255,0.641757375000000,7,0.642276250000000,255,0.642795250000000,255,0.643314125000000,255,0.643833125000000,255,0.644352000000000,255,0.644870875000000,255,0.645389750000000,248
0.649021500000000,0,0.649799750000000,85,0.650370375000000,61
0.664066875000000,0,0.664845125000000,85,0.665571375000000,60,0.666453250000000,255,0.666972125000000,7,0.667490875000000,255,0.668009625000000,255,0.668528375000000,255,0.669047250000000,255,0.669566000000000,255,0.670084750000000,255,0.670603625000000,248
0.673975875000000,0,0.674754000000000,85,0.675324625000000,61
0.688970375000000,0,0.689748625000000,85,0.690527000000000,60,0.691357125000000,255,0.691876000000000,1,0.692394875000000,7,0.692913750000000,255,0.693432625000000,255,0.693951500000000,255,0.694470375000000,255,0.694989125000000,255,0.695508000000000,247
0.698932500000000,0,0.699710875000000,85,0.700229750000000,61
0.713926750000000,0,0.714704875000000,85,0.715431375000000,60,0.716313500000000,208,0.716832375000000,2,0.717351250000000,7,0.717870125000000,255,0.718388875000000,255,0.718907625000000,255,0.719426500000000,255,0.719945250000000,255,0.720464000000000,38
0.723888125000000,0,0.724666250000000,85,0.725444500000000,61,0.726160875000000,254
0.738882875000000,0,0.739661250000000,85,0.740387625000000,60,0.741269625000000,0,0.741788375000000,2,0.742307000000000,7,0.742825750000000,255,0.743344625000000,255,0.743863500000000,255,0.744382250000000,255,0.744901000000000,255,0.745419875000000,246
0.748792125000000,0,0.749570375000000,85,0.750141125000000,61
0.763839500000000,0,0.764617750000000,85,0.765344250000000,60,0.766226375000000,1,0.766745375000000,2,0.767264250000000,7,0.767783250000000,255,0.768302125000000,255,0.768821125000000,255,0.769339875000000,255,0.769858750000000,255,0.770377625000000,245
0.773750375000000,0,0.774528625000000,85,0.775099375000000,61
0.788745250000000,0,0.789523500000000,85,0.790301750000000,60,0.791131875000000,2,0.791650750000000,2,0.792169625000000,7,0.792688500000000,255,0.793207500000000,255,0.793726375000000,255,0.794245250000000,255,0.794764250000000,255,0.795283250000000,244
0.798708125000000,0,0.799486500000000,85,0.800057250000000,61
0.813704875000000,0,0.814483250000000,85,0.815261750000000,60,0.816092000000000,3,0.816610875000000,2,0.817129750000000,7,0.817648750000000,255,0.818167750000000,255,0.818686750000000,255,0.819205750000000,255,0.819724625000000,255,0.820243625000000,243
0.823668625000000,0,0.824446875000000,85,0.825225125000000,61
0.838663750000000,0,0.839442125000000,85,0.840168375000000,60,0.841050250000000,4,0.841569125000000,2,0.842088000000000,7,0.842606750000000,255,0.843125625000000,255,0.843644500000000,255,0.844163250000000,255,0.844682000000000,255,0.845200875000000,242
0.848573125000000,0,0.849351250000000,85,0.849921875000000,61
0.863620250000000,0,0.864398750000000,85,0.865125250000000,60,0.866007500000000,5,0.866526500000000,2,0.867045375000000,7,0.867564375000000,255,0.868083375000000,255,0.868602250000000,255,0.869121125000000,255,0.869640125000000,255,0.870159125000000,241
0.873532250000000,0,0.874310500000000,85,0.874881250000000,61
0.888529375000000,0,0.889307625000000,85,0.890085875000000,60,0.890968000000000,6,0.891486875000000,2,0.892005750000000,7,0.892524625000000,255,0.893043500000000,255,0.893562500000000,255,0.894081500000000,255,0.894600375000000,255,0.895119375000000,240
0.898492625000000,0,0.899271125000000,85,0.899842000000000,61
0.913487500000000,0,0.914265750000000,85,0.915044125000000,60,0.915874375000000,7,0.916393250000000,2,0.916912125000000,7,0.917431125000000,255,0.917950000000000,255,0.918468875000000,255,0.918987750000000,255,0.919506750000000,255,0.920025625000000,239
0.923450625000000,0,0.924229125000000,85,0.925007500000000,61,0.925698125000000,247
0.938447750000000,0,0.939226250000000,85,0.939952875000000,60,0.940835125000000,208,0.941354000000000,1,0.941872875000000,7,0.942391875000000,255,0.942910750000000,255,0.943429750000000,255,0.943948750000000,255,0.944467625000000,255,0.944986625000000,39
0.948411625000000,0,0.949189750000000,85,0.949968125000000,61
0.963409125000000,0,0.964187625000000,85,0.964914125000000,60,0.965796375000000,208,0.966315250000000,2,0.966834250000000,7,0.967353250000000,255,0.967872250000000,255,0.968391125000000,255,0.968910125000000,255,0.969429000000000,255,0.969948000000000,38
0.973321000000000,0,0.974099500000000,85,0.974670250000000,61,0.975361375000000,254
0.988368500000000,0,0.989146875000000,85,0.989873250000000,60,0.990755250000000,0,0.991274250000000,2,0.991793125000000,7,0.992312125000000,255,0.992831250000000,255,0.993350250000000,255,0.993869125000000,255,0.994388000000000,255,0.994906750000000,246
0.998279375000000,0,0.999057625000000,85,0.999628375000000,61
1.013275125000000,0,1.014053500000000,85,1.014832000000000,60,1.015662375000000,1,1.016181375000000,2,1.016700375000000,7,1.017219375000000,255,1.017738250000000,255,1.018257250000000,255,1.018776375000000,255,1.019295375000000,255,1.019814500000000,245
1.023239875000000,0,1.024018375000000,85,1.024537250000000,61,1.025280250000000,255,1.025850000000000,0,1.026419625000000,0,1.026989375000000,0,1.027559125000000,255,1.028128875000000,255,1.028698625000000,255,1.029268375000000,255,1.029838125000000,0
1.038237750000000,0,1.039016000000000,85,1.039742500000000,60,1.040624750000000,1,1.041143500000000,6,1.041662500000000,9,1.042181500000000,0,1.042700375000000,255,1.043219375000000,255,1.043738375000000,255,1.044257250000000,255,1.044776250000000,239
1.048201250000000,0,1.048979625000000,85,1.049758125000000,61,1.050501000000000,9,1.051070875000000,1,1.051640625000000,255,1.052210500000000,255,1.052780375000000,255,1.053350125000000,255,1.053920000000000,255,1.054489875000000,255,1.055059750000000,245
1.063199500000000,0,1.063977875000000,85,1.064704375000000,60,1.065586625000000,1,1.066105500000000,6,1.066624500000000,12,1.067143500000000,0,1.067662500000000,255,1.068181500000000,255,1.068700500000000,255,1.069219500000000,255,1.069738625000000,236
1.073112125000000,0,1.073890625000000,85,1.074461625000000,61,1.075204625000000,12,1.075774500000000,26,1.076344375000000,255,1.076914250000000,255,1.077484125000000,255,1.078053875000000,255,1.078623750000000,255,1.079193625000000,255,1.079763500000000,217
1.088161750000000,0,1.088940125000000,85,1.089666500000000,60,1.090548750000000,1,1.091067625000000,6,1.091586500000000,13,1.092105500000000,0,1.092624375000000,255,1.093143250000000,255,1.093662250000000,255,1.094181125000000,255,1.094700000000000,235
1.098072625000000,0,1.098851000000000,85,1.099421875000000,61,1.100113125000000,13,1.100683000000000,198,1.101252875000000,255,1.101822750000000,255,1.102392625000000,255,1.102962500000000,255,1.103532375000000,255,1.104102125000000,255,1.104672000000000,44
1.113069750000000,0,1.113848125000000,85,1.114626375000000,60,1.115456625000000,1,1.115975625000000,6,1.116494500000000,10,1.117013500000000,0,1.117532375000000,255,1.118051250000000,255,1.118570250000000,255,1.119089125000000,255,1.119608125000000,238
1.123032625000000,0,1.123811125000000,85,1.124381875000000,61,1.125228375000000,10,1.125798125000000,0,1.126367875000000,255,1.126937625000000,255,1.127507500000000,255,1.128077250000000,255,1.128647000000000,255,1.129216875000000,255,1.129786625000000,245
1.138030875000000,0,1.138809375000000,85,1.139587750000000,60,1.140418125000000,1,1.140937125000000,6,1.141456000000000,11,1.141975000000000,0,1.142494000000000,255,1.143013000000000,255,1.143531875000000,255,1.144050875000000,255,1.144569750000000,237
1.147994500000000,0,1.148772875000000,85,1.149551125000000,61,1.150294125000000,11,1.150863875000000,95,1.151433750000000,255,1.152003500000000,255,1.152573250000000,255,1.153143000000000,255,1.153712875000000,255,1.154282625000000,255,1.154852375000000,149
1.162989750000000,0,1.163768250000000,85,1.164494750000000,60,1.165377000000000,1,1.165895875000000,4,1.166414750000000,0,1.166933750000000,0,1.167452625000000,255,1.167971625000000,255,1.168490500000000,255,1.169009375000000,255,1.169528250000000,250
1.172901125000000,0,1.173679500000000,85,1.174250250000000,61,1.175096875000000,255,1.175666625000000,0,1.176236375000000,0,1.176806125000000,0,1.177376000000000,0,1.177945750000000,255,1.178515625000000,255,1.179085500000000,255,1.179655250000000,0
1.187949625000000,0,1.188728000000000,85,1.189454500000000,60,1.190336750000000,2,1.190855750000000,2,1.191374625000000,0,1.191893625000000,0,1.192412500000000,255,1.192931375000000,255,1.193450250000000,255,1.193969125000000,255,1.194488000000000,251
1.197860875000000,0,1.198639250000000,85,1.199210125000000,61
1.212858250000000,0,1.213636500000000,85,1.214414750000000,60,1.215296750000000,3,1.215815500000000,2,1.216334375000000,0,1.216853250000000,0,1.217372125000000,255,1.217890875000000,255,1.218409875000000,255,1.218928625000000,255,1.219447375000000,250
1.222819750000000,0,1.223598125000000,85,1.224169000000000,61
1.237816000000000,0,1.238594250000000,85,1.239372500000000,60,1.240202750000000,4,1.240721750000000,2,1.241240625000000,0,1.241759625000000,0,1.242278500000000,255,1.242797500000000,255,1.243316375000000,255,1.243835375000000,255,1.244354250000000,249
1.247779250000000,0,1.248557625000000,85,1.249335875000000,61
1.262774875000000,0,1.263553125000000,85,1.264279500000000,60,1.265161625000000,5,1.265680500000000,2,1.266199375000000,0,1.266718250000000,0,1.267237000000000,255,1.267755875000000,255,1.268274750000000,255,1.268793500000000,255,1.269312500000000,248
1.272737000000000,0,1.273515375000000,85,1.274293875000000,61
1.287734375000000,0,1.288512625000000,85,1.289239125000000,60,1.290121375000000,6,1.290640375000000,2,1.291159375000000,0,1.291678375000000,0,1.292197375000000,255,1.292716250000000,255,1.293235250000000,255,1.293754125000000,255,1.294273125000000,247
1.297645750000000,0,1.298424000000000,85,1.298994625000000,61
1.312692250000000,0,1.313470375000000,85,1.314196625000000,60,1.315078750000000,7,1.315597625000000,2,1.316116625000000,0,1.316635625000000,0,1.317154500000000,255,1.317673500000000,255,1.318192375000000,255,1.318711375000000,255,1.319230375000000,246
1.322603500000000,0,1.323381875000000,85,1.323952625000000,61,1.324746875000000,255,1.325316625000000,0,1.325886250000000,0,1.326455875000000,0,1.327025500000000,255,1.327595250000000,255,1.328164875000000,255,1.328734500000000,255,1.329304125000000,0
1.337599250000000,0,1.338377625000000,85,1.339155875000000,60,1.339986000000000,7,1.340504875000000,6,1.341023625000000,9,1.341542375000000,0,1.342061125000000,255,1.342580000000000,255,1.343098750000000,255,1.343617500000000,255,1.344136250000000,233
1.347560500000000,0,1.348338875000000,85,1.348857750000000,61,1.349652500000000,9,1.350222125000000,1,1.350791875000000,255,1.351361500000000,255,1.351931125000000,255,1.352500750000000,255,1.353070375000000,255,1.353640125000000,255,1.354209750000000,245
1.362556000000000,0,1.363334250000000,85,1.364060750000000,60,1.364942875000000,7,1.365461750000000,6,1.365980625000000,12,1.366499625000000,0,1.367018375000000,255,1.367537250000000,255,1.368056125000000,255,1.368575125000000,255,1.369094000000000,230
1.372518875000000,0,1.373297250000000,85,1.374075500000000,61,1.374766000000000,12,1.375335750000000,26,1.375905375000000,255,1.376475000000000,255,1.377044625000000,255,1.377614250000000,255,1.378184000000000,255,1.378753625000000,255,1.379323250000000,217
1.387515375000000,0,1.388293750000000,85,1.389020375000000,60,1.389902500000000,7,1.390421375000000,6,1.390940250000000,13,1.391459125000000,0,1.391978125000000,255,1.392497125000000,255,1.393016000000000,255,1.393535000000000,255,1.394054000000000,229
1.397427000000000,0,1.398205375000000,85,1.398776250000000,61,1.399518875000000,13,1.400088625000000,198,1.400658250000000,255,1.401227875000000,255,1.401797625000000,255,1.402367250000000,255,1.402937000000000,255,1.403506625000000,255,1.404076250000000,44
1.412477000000000,0,1.413255500000000,85,1.413982125000000,60,1.414864375000000,7,1.415383500000000,6,1.415902375000000,10,1.416421375000000,0,1.416940250000000,255,1.417459125000000,255,1.417978000000000,255,1.418496875000000,255,1.419015875000000,232
1.422388500000000,0,1.423166750000000,85,1.423737500000000,61,1.424428500000000,10,1.424998000000000,0,1.425567750000000,255,1.426137375000000,255,1.426707000000000,255,1.427276500000000,255,1.427846125000000,255,1.428415750000000,255,1.428985500000000,245
1.437382500000000,0,1.438160875000000,85,1.438939250000000,60,1.439769500000000,7,1.440288375000000,6,1.440807375000000,11,1.441326250000000,0,1.441845125000000,255,1.442364000000000,255,1.442883000000000,255,1.443401875000000,255,1.443920625000000,231
1.447345500000000,0,1.448123875000000,85,1.448694625000000,61,1.449385875000000,11,1.449955500000000,95,1.450525125000000,255,1.451094750000000,255,1.451664375000000,255,1.452234000000000,255,1.452803500000000,255,1.453373125000000,255,1.453942750000000,149
1.462340250000000,0,1.463118500000000,85,1.463896875000000,60,1.464727125000000,7,1.465245875000000,4,1.465764625000000,1,1.466283500000000,0,1.466802375000000,255,1.467321250000000,255,1.467840125000000,255,1.468359125000000,255,1.468878125000000,243
1.472303250000000,0,1.473081375000000,85,1.473859625000000,61,1.474757375000000,255,1.475327000000000,1,1.475896625000000,0,1.476466250000000,0,1.477035875000000,0,1.477605500000000,255,1.478175125000000,255,1.478744750000000,255,1.479314375000000,254
1.487298875000000,0,1.488077125000000,85,1.488803500000000,60,1.489685750000000,208,1.490204750000000,1,1.490723625000000,7,1.491242500000000,0,1.491761500000000,255,1.492280500000000,255,1.492799500000000,255,1.493318500000000,255,1.493837500000000,39
1.497210625000000,0,1.497989000000000,85,1.498559875000000,61
1.512260125000000,0,1.513038625000000,85,1.513765250000000,60,1.514647625000000,208,1.515166625000000,2,1.515685625000000,7,1.516204625000000,0,1.516723750000000,255,1.517242750000000,255,1.517761625000000,255,1.518280500000000,255,1.518799500000000,38
1.522172000000000,0,1.522950375000000,85,1.523521250000000,61
1.537428625000000,0,1.538207125000000,85,1.538985500000000,17,1.539815875000000,0,1.540334875000000,0,1.540853750000000,0,1.541372750000000,238
1.542410500000000,0,1.543188875000000,85,1.543967250000000,8,1.544709625000000,62,1.545279375000000,4,1.545849125000000,224,1.546418875000000,212
1.547392000000000,0,1.548170125000000,85,1.548689000000000,9,1.549535500000000,56,1.550105125000000,4,1.550674875000000,224,1.551244625000000,153
1.552373000000000,0,1.553151125000000,85,1.553721750000000,16
1.557405875000000,0,1.558184125000000,85,1.558910500000000,16
1.562386625000000,0,1.563164750000000,85,1.563891000000000,16
1.567367375000000,0,1.568145750000000,85,1.568924125000000,16
1.572349250000000,0,1.573127625000000,85,1.573906125000000,16
1.577331125000000,0,1.578109375000000,85,1.578887750000000,16
1.582364000000000,0,1.583142125000000,85,1.583868500000000,1
1.587344500000000,0,1.588122625000000,85,1.588848875000000,18,1.589678875000000,246,1.590197625000000,255,1.590716500000000,191,1.591235375000000,182
1.637210750000000,0,1.637989000000000,85,1.638767125000000,17,1.639597125000000,0,1.640116000000000,0,1.640634875000000,0,1.641153750000000,238
1.642191375000000,0,1.642969500000000,85,1.643747625000000,8,1.644697250000000,62,1.645267000000000,4,1.645836750000000,96,1.646406500000000,85
1.647171375000000,0,1.647949375000000,85,1.648468000000000,9,1.649159250000000,56,1.649728875000000,4,1.650298500000000,96,1.650868125000000,26
1.652151375000000,0,1.652929625000000,85,1.653500500000000,16
1.657184625000000,0,1.657963000000000,85,1.658689500000000,16
1.662166375000000,0,1.662944750000000,85,1.663723125000000,16
1.667148125000000,0,1.667926500000000,85,1.668704875000000,16
1.672129250000000,0,1.672907375000000,85,1.673685625000000,16
1.677109875000000,0,1.677888250000000,85,1.678407125000000,16
1.682143375000000,0,1.682921750000000,85,1.683648250000000,1
1.687124625000000,0,1.687902750000000,85,1.688629125000000,18,1.689459125000000,62,1.689977875000000,4,1.690496625000000,252,1.691015375000000,46
1.736987625000000,0,1.737765875000000,85,1.738544000000000,17,1.739374125000000,0,1.739893000000000,0,1.740411750000000,0,1.740930625000000,238
1.741968250000000,0,1.742746500000000,85,1.743265250000000,8,1.743956375000000,62,1.744526125000000,4,1.745095750000000,96,1.745665500000000,85
1.746948875000000,0,1.747727125000000,85,1.748297875000000,9,1.749092125000000,56,1.749661875000000,4,1.750231500000000,96,1.750801250000000,26
1.751981500000000,0,1.752759875000000,85,1.753486375000000,16
1.756963000000000,0,1.757741250000000,85,1.758467750000000,16
1.761944000000000,0,1.762722375000000,85,1.763500750000000,16
1.766925375000000,0,1.767703750000000,85,1.768482000000000,16
1.771907125000000,0,1.772685500000000,85,1.773463750000000,16
1.776940500000000,0,1.777718750000000,85,1.778445250000000,16
1.781921500000000,0,1.782699875000000,85,1.783426375000000,1
1.786902875000000,0,1.787681125000000,85,1.788407500000000,18,1.789289625000000,62,1.789808625000000,4,1.790327500000000,252,1.790846375000000,46
1.836821875000000,0,1.837600125000000,85,1.838326625000000,17,1.839156875000000,0,1.839675750000000,0,1.840194625000000,0,1.840713625000000,238
1.841751375000000,0,1.842529750000000,85,1.843048625000000,8,1.843895250000000,62,1.844465000000000,4,1.845034625000000,96,1.845604250000000,85
1.846732875000000,0,1.847511125000000,85,1.848082000000000,9,1.849032125000000,56,1.849601750000000,4,1.850171375000000,96,1.850741125000000,26
1.851766250000000,0,1.852544625000000,85,1.853271125000000,16
1.856747875000000,0,1.857526250000000,85,1.858304625000000,16
1.861729375000000,0,1.862507625000000,85,1.863286000000000,16
1.866710125000000,0,1.867488250000000,85,1.868266375000000,16
1.871690375000000,0,1.872468500000000,85,1.872987250000000,16
1.876722875000000,0,1.877501250000000,85,1.878227750000000,16
1.881703625000000,0,1.882481875000000,85,1.883208250000000,1
1.886684250000000,0,1.887462375000000,85,1.888188625000000,18,1.889070625000000,62,1.889589375000000,4,1.890108250000000,252,1.890627250000000,46
1.936600500000000,0,1.937378750000000,85,1.938105125000000,17,1.938935375000000,0,1.939454250000000,0,1.939973125000000,0,1.940491875000000,238
1.941529625000000,0,1.942308000000000,85,1.942878750000000,8,1.943828625000000,62,1.944398375000000,4,1.944968000000000,96,1.945537625000000,85
1.946510750000000,0,1.947289000000000,85,1.947859750000000,9,1.948654375000000,56,1.949224125000000,4,1.949793875000000,96,1.950363500000000,26
1.951544000000000,0,1.952322250000000,85,1.953048750000000,16
1.956525125000000,0,1.957303375000000,85,1.958081750000000,16
1.961506250000000,0,1.962284500000000,85,1.963062875000000,16
1.966487875000000,0,1.967266125000000,85,1.968044500000000,16
1.971468875000000,0,1.972247250000000,85,1.972766125000000,16
1.976502375000000,0,1.977280875000000,85,1.978007375000000,16
1.981484000000000,0,1.982262375000000,85,1.982988750000000,1
1.986465125000000,0,1.987243375000000,85,1.988021500000000,18,1.988851625000000,62,1.989370375000000,4,1.989889250000000,252,1.990408125000000,46
2.036385875000000,0,2.037164125000000,85,2.037890625000000,17,2.038720875000000,0,2.039240000000000,0,2.039758875000000,0,2.040277875000000,238
2.041315875000000,0,2.042094375000000,85,2.042665125000000,8,2.043407750000000,62,2.043977375000000,4,2.044547000000000,96,2.045116750000000,85
2.046349625000000,0,2.047128000000000,85,2.047854500000000,9,2.048545375000000,56,2.049115125000000,4,2.049684875000000,96,2.050254500000000,26
2.051331375000000,0,2.052109750000000,85,2.052888125000000,16
2.056313375000000,0,2.057091750000000,85,2.057870125000000,16
2.061295250000000,0,2.062073625000000,85,2.062852000000000,16
2.066276875000000,0,2.067055375000000,85,2.067574250000000,16
2.071310750000000,0,2.072089250000000,85,2.072815750000000,16
2.076292000000000,0,2.077070125000000,85,2.077796500000000,16
2.081272500000000,0,2.082050625000000,85,2.082777000000000,1
2.086253000000000,0,2.087031375000000,85,2.087809750000000,18,2.088640000000000,62,2.089158875000000,4,2.089677875000000,252,2.090196750000000,46
2.136173250000000,0,2.136951625000000,85,2.137678125000000,17,2.138508375000000,0,2.139027125000000,0,2.139545875000000,0,2.140064625000000,238
2.141102125000000,0,2.141880375000000,85,2.142451250000000,8,2.143349625000000,62,2.143919250000000,4,2.144488875000000,96,2.145058625000000,85
2.146135625000000,0,2.146913875000000,85,2.147640375000000,9,2.148538500000000,56,2.149108250000000,4,2.149678000000000,96,2.150247750000000,26
2.151116750000000,0,2.151895000000000,85,2.152673125000000,16
2.156097500000000,0,2.156875750000000,85,2.157654125000000,16
2.161078500000000,0,2.161857000000000,85,2.162635375000000,16
2.166060250000000,0,2.166838750000000,85,2.167357625000000,16
2.171093250000000,0,2.171871500000000,85,2.172597875000000,16
2.176074750000000,0,2.176853250000000,85,2.177579750000000,16
2.181056625000000,0,2.181835000000000,85,2.182613250000000,1
2.186038000000000,0,2.186816375000000,85,2.187594875000000,18,2.188425125000000,62,2.188944125000000,4,2.189463000000000,252,2.189981875000000,46
2.235954875000000,0,2.236733125000000,85,2.237459500000000,17,2.238289625000000,0,2.238808375000000,0,2.239327125000000,0,2.239845875000000,238
2.240883500000000,0,2.241661625000000,85,2.242232375000000,8,2.243078625000000,62,2.243648500000000,4,2.244218375000000,96,2.244788125000000,85
2.245916625000000,0,2.246694875000000,85,2.247473000000000,9,2.248215875000000,56,2.248785625000000,4,2.249355375000000,96,2.249925250000000,26
2.250897125000000,0,2.251675250000000,85,2.252453500000000,16
2.255877625000000,0,2.256655750000000,85,2.257433875000000,16
2.260858000000000,0,2.261636250000000,85,2.262155000000000,16
2.265890500000000,0,2.266668625000000,85,2.267395000000000,16
2.270871125000000,0,2.271649500000000,85,2.272376125000000,16
2.275852875000000,0,2.276631125000000,85,2.277357500000000,16
2.280833875000000,0,2.281612125000000,85,2.282390500000000,1
2.285814875000000,0,2.286593125000000,85,2.287371375000000,18,2.288201500000000,62,2.288720375000000,4,2.289239125000000,252,2.289758000000000,46
2.335734875000000,0,2.336513250000000,85,2.337239875000000,17,2.338070125000000,0,2.338589000000000,0,2.339108000000000,0,2.339626875000000,238
2.340664875000000,0,2.341443500000000,85,2.342014375000000,8,2.342964625000000,62,2.343534500000000,4,2.344104375000000,96,2.344674125000000,85
2.345699125000000,0,2.346477625000000,85,2.347256000000000,9,2.348102000000000,56,2.348671625000000,4,2.349241250000000,96,2.349811000000000,26
2.350680750000000,0,2.351459000000000,85,2.352237375000000,16
2.355661750000000,0,2.356440000000000,85,2.357218375000000,16
2.360643000000000,0,2.361421375000000,85,2.361940250000000,16
2.365676500000000,0,2.366454875000000,85,2.367181375000000,16
2.370658875000000,0,2.371437375000000,85,2.372163875000000,16
2.375640750000000,0,2.376419250000000,85,2.377197625000000,16
2.380622250000000,0,2.381400625000000,85,2.382178875000000,1
2.385603250000000,0,2.386381500000000,85,2.387159875000000,18,2.387990125000000,62,2.388508875000000,4,2.389027750000000,252,2.389546750000000,46
2.435525375000000,0,2.436303875000000,85,2.437030500000000,17,2.437860875000000,0,2.438379875000000,0,2.438898750000000,0,2.439417750000000,238
2.440507750000000,0,2.441286000000000,85,2.442064375000000,8,2.442962375000000,62,2.443532250000000,4,2.444101875000000,96,2.444671500000000,85
2.445489625000000,0,2.446267875000000,85,2.447046250000000,9,2.448047750000000,56,2.448617500000000,4,2.449187375000000,96,2.449757000000000,26
2.450470750000000,0,2.451249125000000,85,2.452027625000000,16
2.455452625000000,0,2.456231125000000,85,2.456750125000000,16
2.460486875000000,0,2.461265375000000,85,2.461992000000000,16
2.465469000000000,0,2.466247500000000,85,2.466974125000000,16
2.470450750000000,0,2.471229000000000,85,2.471955375000000,16
2.475431500000000,0,2.476209750000000,85,2.476988250000000,16
2.480413375000000,0,2.481191750000000,85,2.481970250000000,1
2.485395125000000,0,2.486173250000000,85,2.486951500000000,18,2.487781500000000,62,2.488300250000000,4,2.488819000000000,252,2.489337875000000,46
2.535318125000000,0,2.536096625000000,85,2.536823250000000,17,2.537705500000000,0,2.538224375000000,0,2.538743250000000,0,2.539262250000000,238
2.540300250000000,0,2.541078625000000,85,2.541857125000000,8,2.542547875000000,62,2.543117625000000,4,2.543687375000000,96,2.544257000000000,85
2.545282250000000,0,2.546060750000000,85,2.546839250000000,9,2.547685375000000,56,2.548255125000000,4,2.548824875000000,96,2.549394500000000,26
2.550264250000000,0,2.551042750000000,85,2.551821125000000,16
2.555246375000000,0,2.556024875000000,85,2.556543875000000,16
2.560281000000000,0,2.561059500000000,85,2.561786125000000,16
2.565262750000000,0,2.566041250000000,85,2.566767875000000,16
2.570244625000000,0,2.571023000000000,85,2.571801250000000,16
2.575226500000000,0,2.576004875000000,85,2.576783375000000,16
2.580208875000000,0,2.580987250000000,85,2.581765750000000,1
2.585191125000000,0,2.585969500000000,85,2.586488500000000,18,2.587319000000000,62,2.587838125000000,4,2.588357125000000,252,2.588876250000000,46
2.635112750000000,0,2.635890875000000,85,2.636669125000000,17,2.637499375000000,0,2.638018375000000,0,2.638537250000000,0,2.639056250000000,238
2.640094125000000,0,2.640872625000000,85,2.641651000000000,8,2.642497125000000,62,2.643066875000000,4,2.643636500000000,96,2.644206250000000,85
2.645075875000000,0,2.645854125000000,85,2.646632500000000,9,2.647323125000000,56,2.647892875000000,4,2.648462625000000,96,2.649032500000000,26
2.650057500000000,0,2.650835875000000,85,2.651354750000000,16
2.655038500000000,0,2.655816750000000,85,2.656387375000000,16
2.660071750000000,0,2.660850125000000,85,2.661576750000000,16
2.665053625000000,0,2.665832125000000,85,2.666558625000000,16
2.670035375000000,0,2.670813875000000,85,2.671592375000000,16
2.675017000000000,0,2.675795375000000,85,2.676573625000000,16
2.679998500000000,0,2.680776750000000,85,2.681555000000000,1
2.685031375000000,0,2.685809625000000,85,2.686536000000000,18,2.687366375000000,62,2.687885375000000,4,2.688404375000000,252,2.688923375000000,46
2.734902625000000,0,2.735681125000000,85,2.736459625000000,17,2.737290125000000,0,2.737809125000000,0,2.738328125000000,0,2.738847125000000,238
2.739885250000000,0,2.740663625000000,85,2.741442000000000,8,2.742132500000000,62,2.742702125000000,4,2.743271750000000,96,2.743841500000000,85
2.744867000000000,0,2.745645500000000,85,2.746424000000000,9,2.747218000000000,56,2.747787750000000,4,2.748357375000000,96,2.748927125000000,26
2.749849250000000,0,2.750627625000000,85,2.751146625000000,16
2.754883375000000,0,2.755661875000000,85,2.756388375000000,16
2.759865625000000,0,2.760644000000000,85,2.761370625000000,16
2.764848250000000,0,2.765626625000000,85,2.766405125000000,16
2.769830500000000,0,2.770609000000000,85,2.771387500000000,16
2.774812625000000,0,2.775591000000000,85,2.776369375000000,16
2.779793500000000,0,2.780571625000000,85,2.781090250000000,1
2.784825625000000,0,2.785603875000000,85,2.786330250000000,18,2.787160500000000,62,2.787679250000000,4,2.788198125000000,252,2.788716875000000,46
2.834696750000000,0,2.835475250000000,85,2.836253875000000,17,2.837084250000000,0,2.837603125000000,0,2.838122250000000,0,2.838641250000000,238
2.839679125000000,0,2.840457625000000,85,2.841236000000000,8,2.842030500000000,62,2.842600250000000,4,2.843170000000000,96,2.843739875000000,85
2.844661500000000,0,2.845439875000000,85,2.845959000000000,9,2.846805375000000,56,2.847375000000000,4,2.847944750000000,96,2.848514500000000,26
2.849643875000000,0,2.850422250000000,85,2.850993250000000,16
2.854678500000000,0,2.855457000000000,85,2.856183625000000,16
2.859660875000000,0,2.860439375000000,85,2.861166000000000,16
2.864642500000000,0,2.865420750000000,85,2.866199000000000,16
2.869623375000000,0,2.870401625000000,85,2.871179875000000,16
2.874604500000000,0,2.875382875000000,85,2.876161250000000,16
2.879637500000000,0,2.880415750000000,85,2.881142125000000,1
2.884618375000000,0,2.885396625000000,85,2.886123125000000,18,2.886953250000000,62,2.887472125000000,4,2.887991000000000,252,2.888509875000000,46
2.934484625000000,0,2.935263000000000,85,2.936041375000000,17,2.936871625000000,0,2.937390500000000,0,2.937909375000000,0,2.938428250000000,238
2.939466000000000,0,2.940244250000000,85,2.941022625000000,8,2.942024125000000,62,2.942594000000000,4,2.943163750000000,96,2.943733625000000,85
2.944447250000000,0,2.945225500000000,85,2.945744375000000,9,2.946435625000000,56,2.947005250000000,4,2.947575000000000,96,2.948144750000000,26
2.949428375000000,0,2.950206750000000,85,2.950777625000000,16
2.954462500000000,0,2.955241000000000,85,2.955967750000000,16
2.959444625000000,0,2.960223000000000,85,2.961001375000000,16
2.964426500000000,0,2.965204875000000,85,2.965983250000000,16
2.969407625000000,0,2.970185875000000,85,2.970964250000000,16
2.974388875000000,0,2.975167375000000,85,2.975686250000000,16
2.979423000000000,0,2.980201375000000,85,2.980927875000000,1
2.984405000000000,0,2.985183375000000,85,2.985910000000000,18,2.986740250000000,62,2.987259250000000,4,2.987778250000000,252,2.988297125000000,46
3.034284625000000,0,3.035063000000000,85,3.035841375000000,17,3.036671750000000,0,3.037190625000000,0,3.037709625000000,0,3.038228500000000,238
3.039266375000000,0,3.040044750000000,85,3.040563625000000,8,3.041254750000000,62,3.041824500000000,4,3.042394250000000,96,3.042964125000000,85
3.044248000000000,0,3.045026375000000,85,3.045597000000000,9,3.046391625000000,56,3.046961375000000,4,3.047531125000000,96,3.048100875000000,26
3.049282250000000,0,3.050060750000000,85,3.050787375000000,16
3.054265000000000,0,3.055043500000000,85,3.055770125000000,16
3.059247625000000,0,3.060026125000000,85,3.060804750000000,16
3.064230375000000,0,3.065009125000000,85,3.065787750000000,16
3.069213375000000,0,3.069991875000000,85,3.070770375000000,16
3.074248250000000,0,3.075026625000000,85,3.075753375000000,16
3.079230750000000,0,3.080009250000000,85,3.080736000000000,1
3.084213625000000,0,3.084992125000000,85,3.085718750000000,18,3.086601125000000,62,3.087120250000000,4,3.087639250000000,252,3.088158250000000,46
3.134144750000000,0,3.134923250000000,85,3.135650000000000,17,3.136480500000000,0,3.136999625000000,0,3.137518750000000,0,3.138037875000000,238
3.139076125000000,0,3.139854750000000,85,3.140373750000000,8,3.141272125000000,62,3.141842000000000,4,3.142411750000000,96,3.142981500000000,85
3.144059625000000,0,3.144838250000000,85,3.145409250000000,9,3.146359000000000,56,3.146928875000000,4,3.147498625000000,96,3.148068375000000,26
3.149094875000000,0,3.149873375000000,85,3.150600000000000,16
3.154077375000000,0,3.154855750000000,85,3.155634125000000,16
3.159059000000000,0,3.159837375000000,85,3.160615750000000,16
3.164041125000000,0,3.164819750000000,85,3.165598125000000,16
3.169023750000000,0,3.169802250000000,85,3.170321375000000,16
3.174058375000000,0,3.174837000000000,85,3.175563625000000,16
3.179041375000000,0,3.179819875000000,85,3.180546375000000,1
3.184023750000000,0,3.184802250000000,85,3.185528875000000,18,3.186411250000000,62,3.186930250000000,4,3.187449375000000,252,3.187968375000000,46
3.233952750000000,0,3.234731250000000,85,3.235457750000000,17,3.236288000000000,0,3.236806875000000,0,3.237325750000000,0,3.237844625000000,238
3.238882500000000,0,3.239660875000000,85,3.240231625000000,8,3.241181625000000,62,3.241751500000000,4,3.242321250000000,96,3.242891000000000,85
3.243864000000000,0,3.244642375000000,85,3.245213375000000,9,3.245956000000000,56,3.246525750000000,4,3.247095500000000,96,3.247665250000000,26
3.248897625000000,0,3.249676125000000,85,3.250402500000000,16
3.253879375000000,0,3.254657750000000,85,3.255436250000000,16
3.258861875000000,0,3.259640500000000,85,3.260419000000000,16
3.263844750000000,0,3.264623375000000,85,3.265402000000000,16
3.268827500000000,0,3.269605875000000,85,3.270124750000000,16
3.273861625000000,0,3.274640125000000,85,3.275366875000000,16
3.278844375000000,0,3.279623000000000,85,3.280349625000000,1
3.283826875000000,0,3.284605250000000,85,3.285383875000000,18,3.286214250000000,62,3.286733250000000,4,3.287252250000000,252,3.287771375000000,46
3.333752750000000,0,3.334531250000000,85,3.335257750000000,17,3.336088000000000,0,3.336607000000000,0,3.337126125000000,0,3.337645000000000,238
3.338682875000000,0,3.339461125000000,85,3.340032000000000,8,3.340826750000000,62,3.341396625000000,4,3.341966375000000,96,3.342536250000000,85
3.343716875000000,0,3.344495250000000,85,3.345221750000000,9,3.345912750000000,56,3.346482375000000,4,3.347052125000000,96,3.347621750000000,26
3.348699125000000,0,3.349477625000000,85,3.350256000000000,16
3.353681375000000,0,3.354460000000000,85,3.355238500000000,16
3.358664125000000,0,3.359442375000000,85,3.360220750000000,16
3.363646000000000,0,3.364424500000000,85,3.364943625000000,16
3.368680250000000,0,3.369458750000000,85,3.370185375000000,16
3.373662125000000,0,3.374440375000000,85,3.375166750000000,16
3.378643250000000,0,3.379421500000000,85,3.380147875000000,1
3.383624375000000,0,3.384402625000000,85,3.385181000000000,18,3.386011125000000,62,3.386530000000000,4,3.387048875000000,252,3.387567750000000,46
3.433550250000000,0,3.434328625000000,85,3.435055250000000,17,3.435885750000000,0,3.436404875000000,0,3.436923875000000,0,3.437442875000000,238
3.438481000000000,0,3.439259625000000,85,3.439830625000000,8,3.440625500000000,62,3.441195250000000,4,3.441765000000000,96,3.442334875000000,85
3.443516000000000,0,3.444294625000000,85,3.445021250000000,9,3.445712000000000,56,3.446281750000000,4,3.446851375000000,96,3.447421000000000,26
3.448498875000000,0,3.449277625000000,85,3.450056125000000,16
3.453481750000000,0,3.454260375000000,85,3.455038750000000,16
3.458463625000000,0,3.459242000000000,85,3.460020375000000,16
3.463445125000000,0,3.464223500000000,85,3.464742375000000,16
3.468479125000000,0,3.469257625000000,85,3.469984250000000,16
3.473461750000000,0,3.474240125000000,85,3.474966625000000,16
3.478443875000000,0,3.479222250000000,85,3.480000750000000,1
3.483426125000000,0,3.484204375000000,85,3.484982875000000,18,3.485813125000000,62,3.486332125000000,4,3.486851000000000,252,3.487370000000000,46
3.533353375000000,0,3.534131875000000,85,3.534858500000000,17,3.535689000000000,0,3.536208000000000,0,3.536727000000000,0,3.537246125000000,238
3.538284125000000,0,3.539062625000000,85,3.539633500000000,8,3.540687250000000,62,3.541257000000000,4,3.541826750000000,96,3.542396500000000,85
3.543318500000000,0,3.544097000000000,85,3.544875375000000,9,3.545721250000000,56,3.546291000000000,4,3.546860625000000,96,3.547430250000000,26
3.548300625000000,0,3.549079000000000,85,3.549857250000000,16
3.553282125000000,0,3.554060625000000,85,3.554839000000000,16
3.558264375000000,0,3.559042875000000,85,3.559561875000000,16
3.563298000000000,0,3.564076375000000,85,3.564802875000000,16
3.568279250000000,0,3.569057500000000,85,3.569783875000000,16
3.573260375000000,0,3.574038750000000,85,3.574765375000000,16
3.578242000000000,0,3.579020375000000,85,3.579798625000000,1
3.583223250000000,0,3.584001625000000,85,3.584780125000000,18,3.585610375000000,62,3.586129375000000,4,3.586648250000000,252,3.587167125000000,46
3.633147375000000,0,3.633926000000000,85,3.634652750000000,17,3.635483250000000,0,3.636002375000000,0,3.636521375000000,0,3.637040375000000,238
3.638078375000000,0,3.638857000000000,85,3.639427875000000,8,3.640326000000000,62,3.640895750000000,4,3.641465500000000,96,3.642035125000000,85
3.643113000000000,0,3.643891500000000,85,3.644670125000000,9,3.645360500000000,56,3.645930125000000,4,3.646499875000000,96,3.647069625000000,26
3.648095500000000,0,3.648874000000000,85,3.649652500000000,16
3.653078000000000,0,3.653856500000000,85,3.654635125000000,16
3.658060500000000,0,3.658839000000000,85,3.659358125000000,16
3.663095125000000,0,3.663873500000000,85,3.664600125000000,16
3.668077000000000,0,3.668855250000000,85,3.669581625000000,16
3.673058250000000,0,3.673836500000000,85,3.674614750000000,16
3.678040000000000,0,3.678818375000000,85,3.679596875000000,1
3.683022625000000,0,3.683801250000000,85,3.684579750000000,18,3.685410125000000,62,3.685929000000000,4,3.686447875000000,252,3.686966750000000,46
3.732939750000000,0,3.733718000000000,85,3.734444375000000,17,3.735274625000000,0,3.735793500000000,0,3.736312375000000,0,3.736831250000000,238
3.737921000000000,0,3.738699500000000,85,3.739477875000000,8,3.740323750000000,62,3.740893375000000,4,3.741463000000000,96,3.742032625000000,85
3.742902750000000,0,3.743681000000000,85,3.744459500000000,9,3.745201625000000,56,3.745771375000000,4,3.746341000000000,96,3.746910750000000,26
3.747884375000000,0,3.748662875000000,85,3.749441250000000,16
3.752866375000000,0,3.753644875000000,85,3.754163750000000,16
3.757899750000000,0,3.758678125000000,85,3.759404500000000,16
3.762880875000000,0,3.763659250000000,85,3.764385750000000,16
3.767862500000000,0,3.768641000000000,85,3.769367625000000,16
3.772845125000000,0,3.773623500000000,85,3.774402000000000,16
3.777826875000000,0,3.778605250000000,85,3.779383625000000,1
3.782808875000000,0,3.783587375000000,85,3.784365875000000,18,3.785196000000000,62,3.785715000000000,4,3.786234000000000,252,3.786752875000000,46
3.832739125000000,0,3.833517625000000,85,3.834244250000000,17,3.835126625000000,0,3.835645750000000,0,3.836164750000000,0,3.836683750000000,238
3.837721875000000,0,3.838500375000000,85,3.839278875000000,8,3.840125000000000,62,3.840694750000000,4,3.841264625000000,96,3.841834375000000,85
3.842704875000000,0,3.843483375000000,85,3.844262125000000,9,3.844952375000000,56,3.845522000000000,4,3.846091625000000,96,3.846661375000000,26
3.847687500000000,0,3.848465875000000,85,3.849244250000000,16
3.852669125000000,0,3.853447625000000,85,3.853966625000000,16
3.857703000000000,0,3.858481500000000,85,3.859208000000000,16
3.862684875000000,0,3.863463250000000,85,3.864189750000000,16
3.867666750000000,0,3.868445375000000,85,3.869224000000000,16
3.872649750000000,0,3.873428375000000,85,3.874206875000000,16
3.877632875000000,0,3.878411500000000,85,3.879190125000000,1
3.882615875000000,0,3.883394500000000,85,3.883913500000000,18,3.884744000000000,62,3.885263125000000,4,3.885782125000000,252,3.886301125000000,46
3.932547125000000,0,3.933325750000000,85,3.934104375000000,17,3.934934875000000,0,3.935453875000000,0,3.935973000000000,0,3.936492000000000,238
3.937530125000000,0,3.938308625000000,85,3.939087250000000,8,3.940036875000000,62,3.940606625000000,4,3.941176500000000,96,3.941746250000000,85
3.942512875000000,0,3.943291375000000,85,3.944069750000000,9,3.944863750000000,56,3.945433500000000,4,3.946003125000000,96,3.946572875000000,26
3.947494875000000,0,3.948273250000000,85,3.948792125000000,16
3.952477375000000,0,3.953256000000000,85,3.953827000000000,16
3.957512500000000,0,3.958291000000000,85,3.959017625000000,16
3.962495375000000,0,3.963274000000000,85,3.964000625000000,16
3.967478125000000,0,3.968256625000000,85,3.969035250000000,16
3.972460875000000,0,3.973239500000000,85,3.974018125000000,16
3.977443750000000,0,3.978222375000000,85,3.979000750000000,1
3.982478500000000,0,3.983257125000000,85,3.983983875000000,18,3.984814250000000,62,3.985333375000000,4,3.985852375000000,252,3.986371250000000,46
4.032354750000000,0,4.033133125000000,85,4.033911625000000,17,4.034742000000000,0,4.035261000000000,0,4.035780000000000,0,4.036299000000000,238
4.037337000000000,0,4.038115375000000,85,4.038893875000000,8,4.039843250000000,62,4.040413000000000,4,4.040982750000000,96,4.041552500000000,85
4.042318875000000,0,4.043097250000000,85,4.043875750000000,9,4.044825000000000,56,4.045394625000000,4,4.045964250000000,96,4.046533875000000,26
4.047301125000000,0,4.048079500000000,85,4.048598500000000,16
4.052335250000000,0,4.053113750000000,85,4.053840375000000,16
4.057317750000000,0,4.058096375000000,85,4.058822875000000,16
4.062300125000000,0,4.063078625000000,85,4.063857250000000,16
4.067282750000000,0,4.068061250000000,85,4.068839750000000,16
4.072265125000000,0,4.073043625000000,85,4.073822000000000,16
4.077247000000000,0,4.078025500000000,85,4.078544625000000,1
4.082281375000000,0,4.083059875000000,85,4.083786500000000,18,4.084616875000000,62,4.085136000000000,4,4.085654875000000,252,4.086174000000000,46
4.132158125000000,0,4.132936625000000,85,4.133715125000000,17,4.134545625000000,0,4.135064750000000,0,4.135583875000000,0,4.136103000000000,238
4.137141125000000,0,4.137919750000000,85,4.138698375000000,8,4.139440875000000,62,4.140010625000000,4,4.140580375000000,96,4.141150125000000,85
4.142124125000000,0,4.142902875000000,85,4.143421750000000,9,4.144423125000000,56,4.144992750000000,4,4.145562250000000,96,4.146131875000000,26
4.147106000000000,0,4.147884125000000,85,4.148454875000000,16
4.152138750000000,0,4.152917000000000,85,4.153643500000000,16
4.157120000000000,0,4.157898500000000,85,4.158625000000000,16
4.162102500000000,0,4.162881000000000,85,4.163659375000000,16
4.167084250000000,0,4.167862625000000,85,4.168641000000000,16
4.172065750000000,0,4.172844250000000,85,4.173622625000000,16
4.177099625000000,0,4.177878250000000,85,4.178604750000000,1
4.182081625000000,0,4.182860000000000,85,4.183586500000000,18,4.184416750000000,62,4.184935750000000,4,4.185454500000000,252,4.185973500000000,46
4.231951625000000,0,4.232730000000000,85,4.233508375000000,17,4.234338625000000,0,4.234857500000000,0,4.235376250000000,0,4.235895125000000,238
4.236932875000000,0,4.237711250000000,85,4.238489625000000,8,4.239387500000000,62,4.239957250000000,4,4.240527000000000,96,4.241096750000000,85
4.241915250000000,0,4.242693875000000,85,4.243212875000000,9,4.244214500000000,56,4.244784250000000,4,4.245353750000000,96,4.245923375000000,26
4.246898000000000,0,4.247676500000000,85,4.248247500000000,16
4.251932250000000,0,4.252710750000000,85,4.253437250000000,16
4.256914125000000,0,4.257692500000000,85,4.258470875000000,16
4.261895625000000,0,4.262673875000000,85,4.263452125000000,16
4.266877000000000,0,4.267655250000000,85,4.268433750000000,16
4.271858625000000,0,4.272637000000000,85,4.273155875000000,16
4.276891375000000,0,4.277669500000000,85,4.278395875000000,1
4.281873250000000,0,4.282651625000000,85,4.283378250000000,18,4.284208625000000,62,4.284727500000000,4,4.285246500000000,252,4.285765500000000,46
4.331746000000000,0,4.332524375000000,85,4.333302875000000,17,4.334133250000000,0,4.334652250000000,0,4.335171250000000,0,4.335690250000000,238
4.336728250000000,0,4.337506750000000,85,4.338025625000000,8,4.338768375000000,62,4.339338125000000,4,4.339907750000000,96,4.340477375000000,85
4.341710875000000,0,4.342489625000000,85,4.343060625000000,9,4.343958750000000,56,4.344528250000000,4,4.345097875000000,96,4.345667375000000,26
4.346746250000000,0,4.347524875000000,85,4.348251625000000,16
4.351729500000000,0,4.352508125000000,85,4.353234750000000,16
4.356712375000000,0,4.357490875000000,85,4.358269500000000,16
4.361695250000000,0,4.362473875000000,85,4.363252375000000,16
4.366678000000000,0,4.367456625000000,85,4.368235125000000,16
4.371713000000000,0,4.372491625000000,85,4.373218375000000,16
4.376696000000000,0,4.377474500000000,85,4.378201250000000,1
4.381679125000000,0,4.382457625000000,85,4.383184250000000,18,4.384066625000000,62,4.384585750000000,4,4.385104750000000,252,4.385623875000000,46
4.431606000000000,0,4.432384375000000,85,4.433110875000000,17,4.433941250000000,0,4.434460250000000,0,4.434979375000000,0,4.435498375000000,238
4.436536375000000,0,4.437314750000000,85,4.437833750000000,8,4.438628125000000,62,4.439197875000000,4,4.439767500000000,96,4.440337000000000,85
4.441519250000000,0,4.442297875000000,85,4.442868875000000,9,4.443715125000000,56,4.444284875000000,4,4.444854500000000,96,4.445424250000000,26
4.446554375000000,0,4.447333125000000,85,4.448059875000000,16
4.451537375000000,0,4.452315875000000,85,4.453094375000000,16
4.456520250000000,0,4.457298750000000,85,4.458077250000000,16
4.461503000000000,0,4.462281500000000,85,4.463060000000000,16
4.466485250000000,0,4.467263750000000,85,4.467782750000000,16
4.471519875000000,0,4.472298375000000,85,4.473025125000000,16
4.476502625000000,0,4.477281125000000,85,4.478007750000000,1
4.481485000000000,0,4.482263500000000,85,4.482990000000000,18,4.483872375000000,62,4.484391375000000,4,4.484910500000000,252,4.485429500000000,46
4.531415750000000,0,4.532194125000000,85,4.532920750000000,17,4.533751125000000,0,4.534270000000000,0,4.534789000000000,0,4.535308000000000,238
4.536345875000000,0,4.537124375000000,85,4.537695125000000,8,4.538489625000000,62,4.539059250000000,4,4.539628875000000,96,4.540198500000000,85
4.541328500000000,0,4.542107250000000,85,4.542678250000000,9,4.543472750000000,56,4.544042375000000,4,4.544612000000000,96,4.545181625000000,26
4.546363875000000,0,4.547142500000000,85,4.547869375000000,16
4.551347500000000,0,4.552126250000000,85,4.552904875000000,16
4.556331000000000,0,4.557109750000000,85,4.557888500000000,16
4.561314625000000,0,4.562093125000000,85,4.562871625000000,16
4.566297250000000,0,4.567075750000000,85,4.567594750000000,16
4.571331625000000,0,4.572110250000000,85,4.572836875000000,16
4.576315125000000,0,4.577094000000000,85,4.577820875000000,1
4.581299375000000,0,4.582078125000000,85,4.582856875000000,18,4.583687500000000,62,4.584206625000000,4,4.584725750000000,252,4.585244875000000,46
4.631237375000000,0,4.632016125000000,85,4.632742875000000,17,4.633573500000000,0,4.634092625000000,0,4.634611750000000,0,4.635131000000000,238
4.636169250000000,0,4.636948000000000,85,4.637519000000000,8,4.638313625000000,62,4.638883375000000,4,4.639453125000000,96,4.640022750000000,85
4.641204625000000,0,4.641983250000000,85,4.642710000000000,9,4.643504250000000,56,4.644074000000000,4,4.644643750000000,96,4.645213625000000,26
4.646187625000000,0,4.646966125000000,85,4.647744750000000,16
4.651170625000000,0,4.651949250000000,85,4.652727875000000,16
4.656153500000000,0,4.656932000000000,85,4.657710500000000,16
4.661135875000000,0,4.661914250000000,85,4.662433250000000,16
4.666170000000000,0,4.666948375000000,85,4.667674875000000,16
4.671151750000000,0,4.671930125000000,85,4.672656625000000,16
4.676133625000000,0,4.676912125000000,85,4.677638875000000,1
4.681116125000000,0,4.681894875000000,85,4.682673500000000,18,4.683504000000000,62,4.684023125000000,4,4.684542125000000,252,4.685061125000000,46
4.731048250000000,0,4.731826750000000,85,4.732553375000000,17,4.733383875000000,0,4.733902750000000,0,4.734421750000000,0,4.734940625000000,238
4.735978625000000,0,4.736757000000000,85,4.737327875000000,8,4.738018875000000,62,4.738588500000000,4,4.739158125000000,96,4.739727875000000,85
4.741012500000000,0,4.741790875000000,85,4.742517375000000,9,4.743363500000000,56,4.743933250000000,4,4.744503125000000,96,4.745072875000000,26
4.745995125000000,0,4.746773750000000,85,4.747552375000000,16
4.750978500000000,0,4.751757125000000,85,4.752535625000000,16
4.755961625000000,0,4.756740250000000,85,4.757518875000000,16
4.760945000000000,0,4.761723625000000,85,4.762242750000000,16
4.765980125000000,0,4.766758500000000,85,4.767485000000000,16
4.770962250000000,0,4.771740875000000,85,4.772467750000000,16
4.775945750000000,0,4.776724375000000,85,4.777502875000000,1
4.780928750000000,0,4.781707250000000,85,4.782485875000000,18,4.783316375000000,62,4.783835375000000,4,4.784354500000000,252,4.784873625000000,46
4.830862375000000,0,4.831640875000000,85,4.832367500000000,17,4.833197875000000,0,4.833716875000000,0,4.834235875000000,0,4.834754750000000,238
4.835792750000000,0,4.836571125000000,85,4.837142000000000,8,4.837988000000000,62,4.838557625000000,4,4.839127250000000,96,4.839696875000000,85
4.840826750000000,0,4.841605250000000,85,4.842383750000000,9,4.843333000000000,56,4.843902750000000,4,4.844472375000000,96,4.845042125000000,26
4.845809250000000,0,4.846587875000000,85,4.847366500000000,16
4.850792375000000,0,4.851571000000000,85,4.852349625000000,16
4.855776000000000,0,4.856554750000000,85,4.857073875000000,16
4.860811125000000,0,4.861589625000000,85,4.862316250000000,16
4.865794000000000,0,4.866572500000000,85,4.867299125000000,16
4.870776250000000,0,4.871554500000000,85,4.872281125000000,16
4.875758250000000,0,4.876536625000000,85,4.877315125000000,1
4.880740500000000,0,4.881519000000000,85,4.882297625000000,18,4.883128125000000,62,4.883647250000000,4,4.884166375000000,252,4.884685500000000,46
4.930676375000000,0,4.931454875000000,85,4.932181500000000,17,4.933012000000000,0,4.933531000000000,0,4.934050125000000,0,4.934569250000000,238
4.935607500000000,0,4.936386125000000,85,4.936957125000000,8,4.937958750000000,62,4.938528375000000,4,4.939098000000000,96,4.939667750000000,85
4.940642750000000,0,4.941421500000000,85,4.942200250000000,9,4.942942875000000,56,4.943512750000000,4,4.944082500000000,96,4.944652250000000,26
4.945627000000000,0,4.946405750000000,85,4.947184625000000,16
4.950611125000000,0,4.951389875000000,85,4.952168500000000,16
4.955594625000000,0,4.956373375000000,85,4.956892500000000,16
4.960630500000000,0,4.961409250000000,85,4.962136125000000,16
4.965614000000000,0,4.966392750000000,85,4.967119625000000,16
4.970597875000000,0,4.971376500000000,85,4.972155125000000,16
4.975580875000000,0,4.976359500000000,85,4.977138125000000,1
4.980564125000000,0,4.981342500000000,85,4.982121125000000,18,4.982951625000000,62,4.983470625000000,4,4.983989625000000,252,4.984508625000000,46
5.030485000000000,0,5.031263375000000,85,5.031989750000000,17,5.032820000000000,0,5.033338875000000,0,5.033857750000000,0,5.034376750000000,238
5.035466625000000,0,5.036245000000000,85,5.037023500000000,8,5.037869125000000,62,5.038438750000000,4,5.039008375000000,96,5.039578000000000,85
5.040448875000000,0,5.041227500000000,85,5.042006000000000,9,5.042748000000000,56,5.043317750000000,4,5.043887375000000,96,5.044457125000000,26
5.045431000000000,0,5.046209375000000,85,5.046987750000000,16
5.050413250000000,0,5.051191625000000,85,5.051710500000000,16
5.055446625000000,0,5.056224875000000,85,5.056951250000000,16
5.060428250000000,0,5.061206625000000,85,5.061933125000000,16
5.065410125000000,0,5.066188500000000,85,5.066915125000000,16
5.070392375000000,0,5.071170875000000,85,5.071949500000000,16
5.075375000000000,0,5.076153375000000,85,5.076931875000000,1
5.080357500000000,0,5.081136000000000,85,5.081914625000000,18,5.082745125000000,62,5.083264125000000,4,5.083783250000000,252,5.084302250000000,46
5.130287875000000,0,5.131066250000000,85,5.131792750000000,17,5.132674875000000,0,5.133193750000000,0,5.133712625000000,0,5.134231625000000,238
5.135269625000000,0,5.136048125000000,85,5.136826625000000,8,5.137776250000000,62,5.138345875000000,4,5.138915625000000,96,5.139485250000000,85
5.140252250000000,0,5.141030875000000,85,5.141809625000000,9,5.142500000000000,56,5.143069750000000,4,5.143639625000000,96,5.144209250000000,26
5.145235625000000,0,5.146014250000000,85,5.146792875000000,16
5.150218625000000,0,5.150997125000000,85,5.151516250000000,16
5.155253875000000,0,5.156032500000000,85,5.156759250000000,16
5.160236875000000,0,5.161015500000000,85,5.161742125000000,16
5.165219875000000,0,5.165998375000000,85,5.166777000000000,16
5.170202375000000,0,5.170980625000000,85,5.171759125000000,16
5.175184500000000,0,5.175963125000000,85,5.176741625000000,1
5.180167375000000,0,5.180946000000000,85,5.181465000000000,18,5.182295500000000,62,5.182814500000000,4,5.183333500000000,252,5.183852625000000,46
5.230099500000000,0,5.230878125000000,85,5.231656750000000,17,5.232487250000000,0,5.233006250000000,0,5.233525250000000,0,5.234044375000000,238
5.235082500000000,0,5.235861000000000,85,5.236639625000000,8,5.237382000000000,62,5.237951750000000,4,5.238521500000000,96,5.239091250000000,85
5.240064875000000,0,5.240843250000000,85,5.241621500000000,9,5.242467500000000,56,5.243037250000000,4,5.243607000000000,96,5.244176625000000,26
5.245046375000000,0,5.245825000000000,85,5.246343875000000,16
5.250028125000000,0,5.250806500000000,85,5.251377250000000,16
5.255061750000000,0,5.255840125000000,85,5.256566625000000,16
5.260043625000000,0,5.260822000000000,85,5.261548625000000,16
5.265025875000000,0,5.265804500000000,85,5.266583125000000,16
5.270008875000000,0,5.270787500000000,85,5.271566250000000,16
5.274992000000000,0,5.275770500000000,85,5.276549000000000,1
5.280026125000000,0,5.280804375000000,85,5.281531000000000,18,5.282361375000000,62,5.282880375000000,4,5.283399375000000,252,5.283918375000000,46
5.329901250000000,0,5.330679750000000,85,5.331458125000000,17,5.332288875000000,0,5.332807875000000,0,5.333327000000000,0,5.333846125000000,238
5.334884250000000,0,5.335662875000000,85,5.336441250000000,8,5.337339125000000,62,5.337908875000000,4,5.338478625000000,96,5.339048250000000,85
5.339866500000000,0,5.340645000000000,85,5.341423750000000,9,5.342425125000000,56,5.342994875000000,4,5.343564500000000,96,5.344134250000000,26
5.344849250000000,0,5.345627875000000,85,5.346147000000000,16
5.349884625000000,0,5.350663375000000,85,5.351390250000000,16
5.354868750000000,0,5.355647375000000,85,5.356374125000000,16
5.359851625000000,0,5.360630125000000,85,5.361408625000000,16
5.364834375000000,0,5.365612875000000,85,5.366391250000000,16
5.369817000000000,0,5.370595625000000,85,5.371374250000000,16
5.374800250000000,0,5.375578750000000,85,5.376097750000000,1
5.379834625000000,0,5.380613125000000,85,5.381339625000000,18,5.382170125000000,62,5.382689125000000,4,5.383208125000000,252,5.383727250000000,46
5.429711250000000,0,5.430489875000000,85,5.431268375000000,17,5.432099000000000,0,5.432618000000000,0,5.433137125000000,0,5.433656125000000,238
5.434694375000000,0,5.435472875000000,85,5.436251375000000,8,5.437149125000000,62,5.437718750000000,4,5.438288375000000,96,5.438858125000000,85
5.439676625000000,0,5.440455125000000,85,5.440974125000000,9,5.441665125000000,56,5.442234750000000,4,5.442804375000000,96,5.443374125000000,26
5.444659375000000,0,5.445437875000000,85,5.446008750000000,16
5.449693875000000,0,5.450472375000000,85,5.451198875000000,16
5.454676250000000,0,5.455454750000000,85,5.456181250000000,16
5.459658500000000,0,5.460437000000000,85,5.461215625000000,16
5.464641625000000,0,5.465420125000000,85,5.466198750000000,16
5.469624125000000,0,5.470402500000000,85,5.471181000000000,16
5.474658125000000,0,5.475436750000000,85,5.476163250000000,1
5.479641000000000,0,5.480419625000000,85,5.481146250000000,18,5.481976750000000,62,5.482495750000000,4,5.483014750000000,252,5.483533875000000,46
5.529519375000000,0,5.530298000000000,85,5.531076625000000,17,5.531907000000000,0,5.532426000000000,0,5.532945000000000,0,5.533464125000000,238
5.534502375000000,0,5.535280875000000,85,5.536059500000000,8,5.536853500000000,62,5.537423250000000,4,5.537992875000000,96,5.538562500000000,85
5.539485625000000,0,5.540264250000000,85,5.540783375000000,9,5.541630125000000,56,5.542200000000000,4,5.542769750000000,96,5.543339500000000,26
5.544468625000000,0,5.545247375000000,85,5.545818375000000,16
5.549503750000000,0,5.550282250000000,85,5.551009000000000,16
5.554486750000000,0,5.555265375000000,85,5.556044000000000,16
5.559469750000000,0,5.560248250000000,85,5.561027000000000,16
5.564453000000000,0,5.565231625000000,85,5.566010125000000,16
5.569436125000000,0,5.570214750000000,85,5.570733875000000,16
5.574471625000000,0,5.575250375000000,85,5.575977125000000,1
5.579454875000000,0,5.580233500000000,85,5.580960250000000,18,5.581790875000000,62,5.582309875000000,4,5.582829000000000,252,5.583348125000000,46
5.629335000000000,0,5.630113500000000,85,5.630892000000000,17,5.631722500000000,0,5.632241625000000,0,5.632760625000000,0,5.633279750000000,238
5.634318000000000,0,5.635096750000000,85,5.635615875000000,8,5.636462125000000,62,5.637031750000000,4,5.637601375000000,96,5.638171000000000,85
5.639301375000000,0,5.640080000000000,85,5.640650875000000,9,5.641549125000000,56,5.642118875000000,4,5.642688625000000,96,5.643258375000000,26
5.644336250000000,0,5.645114875000000,85,5.645841625000000,16
5.649319500000000,0,5.650098000000000,85,5.650824625000000,16
5.654302375000000,0,5.655081000000000,85,5.655859500000000,16
5.659285125000000,0,5.660063625000000,85,5.660842125000000,16
5.664267125000000,0,5.665045500000000,85,5.665824000000000,16
5.669300750000000,0,5.670079125000000,85,5.670805625000000,16
5.674282625000000,0,5.675061000000000,85,5.675787625000000,1
5.679264625000000,0,5.680043125000000,85,5.680769750000000,18,5.681652000000000,62,5.682171125000000,4,5.682690000000000,252,5.683209000000000,46
5.729193000000000,0,5.729971500000000,85,5.730698125000000,17,5.731528625000000,0,5.732047625000000,0,5.732566500000000,0,5.733085375000000,238
5.734123375000000,0,5.734901875000000,85,5.735421000000000,8,5.736163875000000,62,5.736733500000000,4,5.737303250000000,96,5.737873000000000,85
5.739106125000000,0,5.739884625000000,85,5.740455625000000,9,5.741146625000000,56,5.741716375000000,4,5.742286000000000,96,5.742855625000000,26
5.744140625000000,0,5.744919125000000,85,5.745645750000000,16
5.749122750000000,0,5.749901125000000,85,5.750679625000000,16
5.754104875000000,0,5.754883250000000,85,5.755661750000000,16
5.759086500000000,0,5.759864875000000,85,5.760643125000000,16
5.764067625000000,0,5.764846000000000,85,5.765364875000000,16
5.769101375000000,0,5.769879875000000,85,5.770606375000000,16
5.774083625000000,0,5.774862125000000,85,5.775588625000000,1
5.779066000000000,0,5.779844375000000,85,5.780571000000000,18,5.781453375000000,62,5.781972250000000,4,5.782491250000000,252,5.783010250000000,46
5.828990500000000,0,5.829769000000000,85,5.830495625000000,17,5.831326125000000,0,5.831845250000000,0,5.832364375000000,0,5.832883375000000,238
5.833921375000000,0,5.834700000000000,85,5.835270750000000,8,5.836065250000000,62,5.836635000000000,4,5.837204625000000,96,5.837774375000000,85
5.838903750000000,0,5.839682250000000,85,5.840253125000000,9,5.840943875000000,56,5.841513625000000,4,5.842083375000000,96,5.842653125000000,26
5.843938000000000,0,5.844716500000000,85,5.845443125000000,16
5.848920500000000,0,5.849698875000000,85,5.850477375000000,16
5.853903000000000,0,5.854681500000000,85,5.855460125000000,16
5.858885625000000,0,5.859664125000000,85,5.860442750000000,16
5.863867875000000,0,5.864646375000000,85,5.865165375000000,16
5.868902625000000,0,5.869681000000000,85,5.870407750000000,16
5.873885250000000,0,5.874663875000000,85,5.875390375000000,1
5.878867250000000,0,5.879645625000000,85,5.880424125000000,18,5.881254500000000,62,5.881773500000000,4,5.882292375000000,252,5.882811375000000,46
5.928797625000000,0,5.929576250000000,85,5.930302875000000,17,5.931133500000000,0,5.931652625000000,0,5.932171750000000,0,5.932690750000000,238
5.933728750000000,0,5.934507250000000,85,5.935078125000000,8,5.936028125000000,62,5.936597750000000,4,5.937167375000000,96,5.937737000000000,85
5.938763000000000,0,5.939541500000000,85,5.940268125000000,9,5.941062125000000,56,5.941631750000000,4,5.942201375000000,96,5.942771125000000,26
5.943745000000000,0,5.944523375000000,85,5.945301875000000,16
5.948727250000000,0,5.949505625000000,85,5.950284000000000,16
5.953709000000000,0,5.954487375000000,85,5.955265875000000,16
5.958691500000000,0,5.959470000000000,85,5.959989000000000,16
5.963726500000000,0,5.964505125000000,85,5.965231750000000,16
5.968709375000000,0,5.969488000000000,85,5.970214750000000,16
5.973692375000000,0,5.974471000000000,85,5.975197750000000,1
5.978675250000000,0,5.979453750000000,85,5.980232375000000,18,5.981062750000000,62,5.981581875000000,4,5.982100875000000,252,5.982619875000000,46
6.028607000000000,0,6.029385250000000,85,6.030111750000000,17,6.030942000000000,0,6.031461000000000,0,6.031979875000000,0,6.032498750000000,238
6.033536625000000,0,6.034315000000000,85,6.034885750000000,8,6.035939000000000,62,6.036508500000000,4,6.037078125000000,96,6.037647625000000,85
6.038570625000000,0,6.039349125000000,85,6.040075625000000,9,6.041025250000000,56,6.041594875000000,4,6.042164625000000,96,6.042734250000000,26
6.043552500000000,0,6.044331000000000,85,6.045109625000000,16
6.048534875000000,0,6.049313375000000,85,6.050091875000000,16
6.053517500000000,0,6.054296125000000,85,6.055074750000000,16
6.058500375000000,0,6.059278875000000,85,6.059797875000000,16
6.063534875000000,0,6.064313500000000,85,6.065040250000000,16
6.068517500000000,0,6.069295875000000,85,6.070022250000000,16
6.073499000000000,0,6.074277375000000,85,6.075056000000000,1
6.078481375000000,0,6.079259875000000,85,6.080038375000000,18,6.080868750000000,62,6.081387875000000,4,6.081906750000000,252,6.082425625000000,46
6.128407875000000,0,6.129186375000000,85,6.129913125000000,17,6.130743625000000,0,6.131262500000000,0,6.131781500000000,0,6.132300500000000,238
6.133338500000000,0,6.134117000000000,85,6.134688000000000,8,6.135430500000000,62,6.136000250000000,4,6.136569875000000,96,6.137139625000000,85
6.138372375000000,0,6.139150750000000,85,6.139929250000000,9,6.140620000000000,56,6.141189625000000,4,6.141759250000000,96,6.142329000000000,26
6.143354375000000,0,6.144132875000000,85,6.144911375000000,16
6.148337250000000,0,6.149115875000000,85,6.149894375000000,16
6.153319875000000,0,6.154098375000000,85,6.154617375000000,16
6.158353875000000,0,6.159132250000000,85,6.159858875000000,16
6.163336375000000,0,6.164115000000000,85,6.164841750000000,16
6.168319375000000,0,6.169098000000000,85,6.169824500000000,16
6.173302250000000,0,6.174080750000000,85,6.174859250000000,1
6.178284375000000,0,6.179062625000000,85,6.179841125000000,18,6.180671500000000,62,6.181190625000000,4,6.181709625000000,252,6.182228625000000,46
6.228210625000000,0,6.228989125000000,85,6.229715625000000,17,6.230546000000000,0,6.231065000000000,0,6.231584000000000,0,6.232103125000000,238
6.233141125000000,0,6.233919625000000,85,6.234490500000000,8,6.235440250000000,62,6.236009875000000,4,6.236579625000000,96,6.237149250000000,85
6.238175750000000,0,6.238954250000000,85,6.239732750000000,9,6.240474875000000,56,6.241044500000000,4,6.241614125000000,96,6.242183750000000,26
6.243158625000000,0,6.243937125000000,85,6.244715625000000,16
6.248141250000000,0,6.248919750000000,85,6.249698250000000,16
6.253123250000000,0,6.253901500000000,85,6.254420500000000,16
6.258156750000000,0,6.258935125000000,85,6.259661625000000,16
6.263138750000000,0,6.263917250000000,85,6.264643875000000,16
6.268121125000000,0,6.268899625000000,85,6.269678000000000,16
6.273103125000000,0,6.273881500000000,85,6.274659750000000,1
6.278084500000000,0,6.278862875000000,85,6.279641250000000,18,6.280471625000000,62,6.280990500000000,4,6.281509375000000,252,6.282028250000000,46
6.328005000000000,0,6.328783250000000,85,6.329509625000000,17,6.330339875000000,0,6.330858750000000,0,6.331377625000000,0,6.331896500000000,238
6.332986125000000,0,6.333764500000000,85,6.334542875000000,8,6.335388875000000,62,6.335958500000000,4,6.336528125000000,96,6.337097750000000,85
6.337967875000000,0,6.338746375000000,85,6.339524875000000,9,6.340474375000000,56,6.341043875000000,4,6.341613500000000,96,6.342183000000000,26
6.342949750000000,0,6.343728250000000,85,6.344506625000000,16
6.347931750000000,0,6.348710250000000,85,6.349229250000000,16
6.352965500000000,0,6.353743750000000,85,6.354470250000000,16
6.357947250000000,0,6.358725625000000,85,6.359452125000000,16
6.362929625000000,0,6.363708000000000,85,6.364434625000000,16
6.367911750000000,0,6.368690125000000,85,6.369468500000000,16
6.372893875000000,0,6.373672375000000,85,6.374450875000000,1
6.377876375000000,0,6.378654875000000,85,6.379433375000000,18,6.380263750000000,62,6.380782750000000,4,6.381301750000000,252,6.381820750000000,46
6.427799500000000,0,6.428577875000000,85,6.429304375000000,17,6.430186500000000,0,6.430705250000000,0,6.431224125000000,0,6.431743000000000,238
6.432780750000000,0,6.433559125000000,85,6.434337500000000,8,6.435028000000000,62,6.435597750000000,4,6.436167375000000,96,6.436737125000000,85
6.437762625000000,0,6.438541000000000,85,6.439319375000000,9,6.440061500000000,56,6.440631250000000,4,6.441200875000000,96,6.441770500000000,26
6.442744250000000,0,6.443522625000000,85,6.444300875000000,16
6.447725750000000,0,6.448504125000000,85,6.449023000000000,16
6.452758875000000,0,6.453537000000000,85,6.454263375000000,16
6.457739625000000,0,6.458517875000000,85,6.459244125000000,16
6.462720125000000,0,6.463498375000000,85,6.464276625000000,16
6.467701000000000,0,6.468479375000000,85,6.469257625000000,16
6.472682625000000,0,6.473461000000000,85,6.474239500000000,1
6.477716375000000,0,6.478494625000000,85,6.479220875000000,18,6.480051000000000,62,6.480569750000000,4,6.481088625000000,252,6.481607375000000,46
6.527575750000000,0,6.528353875000000,85,6.529132125000000,17,6.529962125000000,0,6.530481000000000,0,6.530999875000000,0,6.531518625000000,238
6.532556375000000,0,6.533334500000000,85,6.534112875000000,8,6.535010750000000,62,6.535580625000000,4,6.536150500000000,96,6.536720250000000,85
6.537537125000000,0,6.538315250000000,85,6.539093500000000,9,6.540043375000000,56,6.540613000000000,4,6.541182750000000,96,6.541752375000000,26
6.542517875000000,0,6.543296000000000,85,6.543814875000000,16
6.547498250000000,0,6.548276500000000,85,6.548847250000000,16
6.552531000000000,0,6.553309375000000,85,6.554035750000000,16
6.557512250000000,0,6.558290625000000,85,6.559016875000000,16
6.562492750000000,0,6.563271000000000,85,6.564049000000000,16
6.567473000000000,0,6.568251125000000,85,6.569029125000000,16
6.572453375000000,0,6.573231500000000,85,6.574009625000000,1
6.577486125000000,0,6.578264500000000,85,6.578991000000000,18,6.579821125000000,62,6.580340000000000,4,6.580859000000000,252,6.581377875000000,46
6.627347500000000,0,6.628125625000000,85,6.628903875000000,17,6.629734000000000,0,6.630252750000000,0,6.630771500000000,0,6.631290250000000,238
6.632327875000000,0,6.633106000000000,85,6.633884250000000,8,6.634626625000000,62,6.635196375000000,4,6.635766125000000,96,6.636335875000000,85
6.637307875000000,0,6.638086000000000,85,6.638864000000000,9,6.639658625000000,56,6.640228375000000,4,6.640798125000000,96,6.641367875000000,26
6.642287625000000,0,6.643065750000000,85,6.643584500000000,16
6.647319125000000,0,6.648097250000000,85,6.648823500000000,16
6.652299250000000,0,6.653077375000000,85,6.653803750000000,16
6.657279750000000,0,6.658058000000000,85,6.658836250000000,16
6.662260375000000,0,6.663038625000000,85,6.663816875000000,16
6.667241125000000,0,6.668019250000000,85,6.668797625000000,16
6.672222000000000,0,6.673000125000000,85,6.673518750000000,1
6.677254250000000,0,6.678032500000000,85,6.678759000000000,18,6.679589250000000,62,6.680108125000000,4,6.680627000000000,252,6.681145875000000,46
6.727118000000000,0,6.727896000000000,85,6.728674250000000,17,6.729504500000000,0,6.730023375000000,0,6.730542375000000,0,6.731061250000000,238
6.732099125000000,0,6.732877500000000,85,6.733655875000000,8,6.734553625000000,62,6.735123375000000,4,6.735693125000000,96,6.736262875000000,85
6.737080750000000,0,6.737859125000000,85,6.738377875000000,9,6.739276375000000,56,6.739846125000000,4,6.740415875000000,96,6.740985500000000,26
6.742062000000000,0,6.742840250000000,85,6.743411125000000,16
6.747095000000000,0,6.747873375000000,85,6.748599750000000,16
6.752075750000000,0,6.752853875000000,85,6.753580125000000,16
6.757056000000000,0,6.757834125000000,85,6.758612250000000,16
6.762036125000000,0,6.762814375000000,85,6.763592625000000,16
6.767017250000000,0,6.767795500000000,85,6.768573750000000,16
6.772050000000000,0,6.772828250000000,85,6.773554625000000,1
6.777030375000000,0,6.777808625000000,85,6.778535000000000,18,6.779365125000000,62,6.779883875000000,4,6.780402750000000,252,6.780921625000000,46
6.826897500000000,0,6.827675625000000,85,6.828453875000000,17,6.829283875000000,0,6.829802750000000,0,6.830321625000000,0,6.830840500000000,238
6.831878375000000,0,6.832656875000000,85,6.833435250000000,8,6.834126250000000,62,6.834696000000000,4,6.835265875000000,96,6.835835625000000,85
6.836860000000000,0,6.837638375000000,85,6.838157250000000,9,6.838848500000000,56,6.839418125000000,4,6.839987750000000,96,6.840557375000000,26
6.841841875000000,0,6.842620375000000,85,6.843191250000000,16
6.846875875000000,0,6.847654375000000,85,6.848381000000000,16
6.851858000000000,0,6.852636500000000,85,6.853414875000000,16
6.856840125000000,0,6.857618500000000,85,6.858396875000000,16
6.861821875000000,0,6.862600250000000,85,6.863378625000000,16
6.866803875000000,0,6.867582375000000,85,6.868101250000000,16
6.871838000000000,0,6.872616375000000,85,6.873343000000000,1
6.876820375000000,0,6.877598875000000,85,6.878325500000000,18,6.879155875000000,62,6.879674875000000,4,6.880193875000000,252,6.880712750000000,46
6.926688750000000,0,6.927467125000000,85,6.928245625000000,17,6.929075750000000,0,6.929594750000000,0,6.930113750000000,0,6.930632750000000,238
6.931670625000000,0,6.932449000000000,85,6.932968000000000,8,6.933762750000000,62,6.934332625000000,4,6.934902375000000,96,6.935472250000000,85
6.936652625000000,0,6.937431000000000,85,6.938001875000000,9,6.938899625000000,56,6.939469375000000,4,6.940038875000000,96,6.940608500000000,26
6.941686625000000,0,6.942465125000000,85,6.943191625000000,16
6.946668375000000,0,6.947446750000000,85,6.948173375000000,16
6.951650250000000,0,6.952428750000000,85,6.953207125000000,16
6.956632375000000,0,6.957410750000000,85,6.958189250000000,16
6.961614375000000,0,6.962392750000000,85,6.963171125000000,16
6.966647375000000,0,6.967425750000000,85,6.968152000000000,16
6.971628375000000,0,6.972406625000000,85,6.973132875000000,1
6.976609000000000,0,6.977387250000000,85,6.978113750000000,18,6.978995875000000,62,6.979514750000000,4,6.980033625000000,252,6.980552500000000,46
7.026529125000000,0,7.027307625000000,85,7.028034125000000,17,7.028864500000000,0,7.029383375000000,0,7.029902250000000,0,7.030421125000000,238
7.031458750000000,0,7.032236875000000,85,7.032755750000000,8,7.033706125000000,62,7.034275875000000,4,7.034845625000000,96,7.035415375000000,85
7.036439875000000,0,7.037218125000000,85,7.037788875000000,9,7.038686875000000,56,7.039256625000000,4,7.039826250000000,96,7.040396000000000,26
7.041472500000000,0,7.042250750000000,85,7.042977250000000,16
7.046453625000000,0,7.047232000000000,85,7.048010250000000,16
7.051435000000000,0,7.052213375000000,85,7.052991875000000,16
7.056417125000000,0,7.057195375000000,85,7.057973625000000,16
7.061398125000000,0,7.062176375000000,85,7.062695250000000,16
7.066431250000000,0,7.067209500000000,85,7.067935875000000,16
7.071412625000000,0,7.072191000000000,85,7.072917375000000,1
7.076394125000000,0,7.077172500000000,85,7.077899000000000,18,7.078781125000000,62,7.079300000000000,4,7.079818875000000,252,7.080337750000000,46
7.126313125000000,0,7.127091500000000,85,7.127817875000000,17,7.128648250000000,0,7.129167125000000,0,7.129685875000000,0,7.130204750000000,238
7.131242625000000,0,7.132020875000000,85,7.132591750000000,8,7.133437875000000,62,7.134007625000000,4,7.134577375000000,96,7.135147125000000,85
7.136224125000000,0,7.137002500000000,85,7.137573250000000,9,7.138264250000000,56,7.138834000000000,4,7.139403625000000,96,7.139973375000000,26
7.141257500000000,0,7.142035875000000,85,7.142762500000000,16
7.146239000000000,0,7.147017125000000,85,7.147795375000000,16
7.151219500000000,0,7.151997750000000,85,7.152776250000000,16
7.156201250000000,0,7.156979500000000,85,7.157757750000000,16
7.161182500000000,0,7.161960875000000,85,7.162479875000000,16
7.166215875000000,0,7.166994125000000,85,7.167720375000000,16
7.171196625000000,0,7.171975000000000,85,7.172701500000000,1
7.176177625000000,0,7.176955875000000,85,7.177734000000000,18,7.178564125000000,62,7.179083000000000,4,7.179601750000000,252,7.180120750000000,46
7.226093000000000,0,7.226871375000000,85,7.227597750000000,17,7.228428000000000,0,7.228946750000000,0,7.229465625000000,0,7.229984375000000,238
7.231022125000000,0,7.231800500000000,85,7.232371250000000,8,7.233269625000000,62,7.233839375000000,4,7.234409125000000,96,7.234978875000000,85
7.236055500000000,0,7.236833875000000,85,7.237560125000000,9,7.238250875000000,56,7.238820625000000,4,7.239390250000000,96,7.239959875000000,26
7.241036000000000,0,7.241814125000000,85,7.242592375000000,16
7.246016250000000,0,7.246794375000000,85,7.247572500000000,16
7.250996250000000,0,7.251774500000000,85,7.252552625000000,16
7.255976625000000,0,7.256754750000000,85,7.257273500000000,16
7.261008875000000,0,7.261787125000000,85,7.262513375000000,16
7.265989500000000,0,7.266767750000000,85,7.267494125000000,16
7.270970250000000,0,7.271748500000000,85,7.272474875000000,1
7.275951125000000,0,7.276729500000000,85,7.277507750000000,18,7.278338000000000,62,7.278856875000000,4,7.279375875000000,252,7.279894750000000,46
7.325864875000000,0,7.326643125000000,85,7.327369375000000,17,7.328199375000000,0,7.328718250000000,0,7.329237000000000,0,7.329755750000000,238
7.330793375000000,0,7.331571625000000,85,7.332142250000000,8,7.332885375000000,62,7.333455125000000,4,7.334025000000000,96,7.334594750000000,85
7.335826375000000,0,7.336604750000000,85,7.337331125000000,9,7.338229250000000,56,7.338798750000000,4,7.339368375000000,96,7.339938000000000,26
7.340807250000000,0,7.341585375000000,85,7.342363625000000,16
7.345787750000000,0,7.346566000000000,85,7.347344250000000,16
7.350768500000000,0,7.351546750000000,85,7.352325125000000,16
7.355749250000000,0,7.356527250000000,85,7.357046125000000,16
7.360781875000000,0,7.361560125000000,85,7.362286625000000,16
7.365763125000000,0,7.366541500000000,85,7.367267875000000,16
7.370744125000000,0,7.371522500000000,85,7.372300750000000,1
7.375725250000000,0,7.376503500000000,85,7.377281875000000,18,7.378112125000000,62,7.378631000000000,4,7.379149875000000,252,7.379668750000000,46
7.425642375000000,0,7.426420750000000,85,7.427147125000000,17,7.427977375000000,0,7.428496250000000,0,7.429015125000000,0,7.429534000000000,238
7.430571750000000,0,7.431350125000000,85,7.431921000000000,8,7.432870875000000,62,7.433440625000000,4,7.434010375000000,96,7.434580000000000,85
7.435605375000000,0,7.436383750000000,85,7.437162125000000,9,7.437852375000000,56,7.438422000000000,4,7.438991625000000,96,7.439561375000000,26
7.440586625000000,0,7.441365000000000,85,7.442143375000000,16
7.445568125000000,0,7.446346375000000,85,7.447124625000000,16
7.450549000000000,0,7.451327250000000,85,7.451846000000000,16
7.455582250000000,0,7.456360750000000,85,7.457087375000000,16
7.460564750000000,0,7.461343250000000,85,7.462069750000000,16
7.465546375000000,0,7.466324625000000,85,7.467051125000000,16
7.470527375000000,0,7.471305625000000,85,7.472083750000000,1
7.475508125000000,0,7.476286375000000,85,7.477064750000000,18,7.477894875000000,62,7.478413750000000,4,7.478932500000000,252,7.479451375000000,46
7.525421125000000,0,7.526199500000000,85,7.526926000000000,17,7.527756125000000,0,7.528275000000000,0,7.528793750000000,0,7.529312500000000,238
7.530350125000000,0,7.531128250000000,85,7.531698875000000,8,7.532545250000000,62,7.533115000000000,4,7.533684750000000,96,7.534254375000000,85
7.535382125000000,0,7.536160375000000,85,7.536938750000000,9,7.537785000000000,56,7.538354750000000,4,7.538924500000000,96,7.539494250000000,26
7.540363625000000,0,7.541142000000000,85,7.541920500000000,16
7.545345375000000,0,7.546123875000000,85,7.546902375000000,16
7.550327500000000,0,7.551105875000000,85,7.551624875000000,16
7.555361250000000,0,7.556139750000000,85,7.556866250000000,16
7.560343000000000,0,7.561121375000000,85,7.561847625000000,16
7.565323625000000,0,7.566102125000000,85,7.566880500000000,16
7.570305250000000,0,7.571083750000000,85,7.571862125000000,1
7.575287000000000,0,7.576065500000000,85,7.576843875000000,18,7.577674250000000,62,7.578193250000000,4,7.578712125000000,252,7.579231000000000,46
7.625206875000000,0,7.625985125000000,85,7.626711500000000,17,7.627541875000000,0,7.628060750000000,0,7.628579750000000,0,7.629098625000000,238
7.630188250000000,0,7.630966625000000,85,7.631745125000000,8,7.632435750000000,62,7.633005375000000,4,7.633574875000000,96,7.634144500000000,85
7.635170250000000,0,7.635948625000000,85,7.636727000000000,9,7.637417625000000,56,7.637987250000000,4,7.638556875000000,96,7.639126625000000,26
7.640151375000000,0,7.640929500000000,85,7.641707750000000,16
7.645132125000000,0,7.645910250000000,85,7.646429000000000,16
7.650164875000000,0,7.650943375000000,85,7.651669875000000,16
7.655147125000000,0,7.655925625000000,85,7.656652125000000,16
7.660129375000000,0,7.660907625000000,85,7.661634125000000,16
7.665111000000000,0,7.665889375000000,85,7.666667875000000,16
7.670093125000000,0,7.670871375000000,85,7.671649500000000,1
7.675074000000000,0,7.675852375000000,85,7.676630875000000,18,7.677461125000000,62,7.677980000000000,4,7.678498875000000,252,7.679017875000000,46
7.724993625000000,0,7.725772000000000,85,7.726498625000000,17,7.727380875000000,0,7.727899750000000,0,7.728418750000000,0,7.728937750000000,238
7.729975500000000,0,7.730753875000000,85,7.731532250000000,8,7.732378250000000,62,7.732947875000000,4,7.733517625000000,96,7.734087375000000,85
7.734957125000000,0,7.735735375000000,85,7.736513750000000,9,7.737359750000000,56,7.737929500000000,4,7.738499250000000,96,7.739069000000000,26
7.739938500000000,0,7.740716750000000,85,7.741495250000000,16
7.744920250000000,0,7.745698625000000,85,7.746217500000000,16
7.749953250000000,0,7.750731375000000,85,7.751457750000000,16
7.754934250000000,0,7.755712625000000,85,7.756439125000000,16
7.759915875000000,0,7.760694375000000,85,7.761472750000000,16
7.764897625000000,0,7.765676000000000,85,7.766454375000000,16
7.769879750000000,0,7.770658250000000,85,7.771436750000000,1
7.774862000000000,0,7.775640375000000,85,7.776159250000000,18,7.776989750000000,62,7.777508625000000,4,7.778027500000000,252,7.778546250000000,46
7.824781625000000,0,7.825560000000000,85,7.826338375000000,17,7.827168750000000,0,7.827687625000000,0,7.828206625000000,0,7.828725500000000,238
7.829763375000000,0,7.830541875000000,85,7.831320125000000,8,7.832321125000000,62,7.832890750000000,4,7.833460250000000,96,7.834029750000000,85
7.834745250000000,0,7.835523625000000,85,7.836302125000000,9,7.837303500000000,56,7.837873250000000,4,7.838442875000000,96,7.839012625000000,26
7.839726375000000,0,7.840504625000000,85,7.841023500000000,16
7.844707625000000,0,7.845485875000000,85,7.846056625000000,16
7.849740500000000,0,7.850518625000000,85,7.851245000000000,16
7.854721750000000,0,7.855500250000000,85,7.856226750000000,16
7.859703500000000,0,7.860481875000000,85,7.861260250000000,16
7.864685125000000,0,7.865463500000000,85,7.866241875000000,16
7.869667125000000,0,7.870445500000000,85,7.871224125000000,1
7.874701500000000,0,7.875479875000000,85,7.876206375000000,18,7.877036750000000,62,7.877555750000000,4,7.878074750000000,252,7.878593750000000,46
7.924575375000000,0,7.925353750000000,85,7.926132250000000,17,7.926962625000000,0,7.927481625000000,0,7.928000625000000,0,7.928519750000000,238
7.929557750000000,0,7.930336250000000,85,7.931114750000000,8,7.931908625000000,62,7.932478125000000,4,7.933047750000000,96,7.933617375000000,85
7.934540125000000,0,7.935318625000000,85,7.936097125000000,9,7.936942875000000,56,7.937512500000000,4,7.938082125000000,96,7.938651750000000,26
7.939522250000000,0,7.940300750000000,85,7.940819625000000,16
7.944555875000000,0,7.945334250000000,85,7.946060625000000,16
7.949537875000000,0,7.950316375000000,85,7.951042875000000,16
7.954520250000000,0,7.955298750000000,85,7.956077375000000,16
7.959502375000000,0,7.960280750000000,85,7.961059125000000,16
7.964484375000000,0,7.965262875000000,85,7.966041375000000,16
7.969466625000000,0,7.970245000000000,85,7.970764000000000,1
7.974500750000000,0,7.975279125000000,85,7.976005750000000,18,7.976836250000000,62,7.977355250000000,4,7.977874250000000,252,7.978393125000000,46
8.024366750000000,0,8.025145000000000,85,8.025923250000000,17,8.026753500000000,0,8.027272500000000,0,8.027791375000000,0,8.028310375000000,238
8.029348125000000,0,8.030126500000000,85,8.030904874999999,8,8.031854624999999,62,8.032424250000000,4,8.032994000000000,96,8.033563750000001,85
8.034329874999999,0,8.035108375000000,85,8.035627249999999,9,8.036525624999999,56,8.037095250000000,4,8.037664875000001,96,8.038234624999999,26
8.039311874999999,0,8.040090375000000,85,8.040661125000000,16
8.044346000000001,0,8.045124500000000,85,8.045851125000000,16
8.049327999999999,0,8.050106250000001,85,8.050832750000000,16
8.054309750000000,0,8.055088250000001,85,8.055866625000000,16
8.059292250000000,0,8.060070874999999,85,8.060849375000000,16
8.064275000000000,0,8.065053750000001,85,8.065832374999999,16
8.069310124999999,0,8.070088625000000,85,8.070815250000001,1
8.074292750000000,0,8.075071375000000,85,8.075797874999999,18,8.076628375000000,62,8.077147374999999,4,8.077666375000000,252,8.078185500000000,46
8.124169999999999,0,8.124948375000001,85,8.125726625000000,17,8.126556875000000,0,8.127075749999999,0,8.127594625000000,0,8.128113624999999,238
8.129151250000000,0,8.129929625000001,85,8.130707875000001,8,8.131450250000000,62,8.132020000000001,4,8.132589749999999,96,8.133159375000000,85
8.134132749999999,0,8.134911125000000,85,8.135429999999999,9,8.136121250000000,56,8.136690874999999,4,8.137260625000000,96,8.137830250000000,26
8.139114125000001,0,8.139892375000001,85,8.140463250000000,16
8.144147999999999,0,8.144926375000001,85,8.145652875000000,16
8.149129374999999,0,8.149907625000001,85,8.150686000000000,16
8.154111125000000,0,8.154889750000001,85,8.155668125000000,16
8.159093500000001,0,8.159872000000000,85,8.160650499999999,16
8.164075875000000,0,8.164854375000001,85,8.165373250000000,16
8.169109750000001,0,8.169888250000000,85,8.170614875000000,1
8.174092000000000,0,8.174870500000001,85,8.175597000000000,18,8.176427500000001,62,8.176946500000000,4,8.177465500000000,252,8.177984500000001,46
8.223964125000000,0,8.224742375000000,85,8.225520749999999,17,8.226351125000001,0,8.226870125000000,0,8.227389000000001,0,8.227907875000000,238
8.228945749999999,0,8.229724125000001,85,8.230243124999999,8,8.231037875000000,62,8.231607625000001,4,8.232177249999999,96,8.232746875000000,85
8.233927250000001,0,8.234705750000000,85,8.235276624999999,9,8.236071125000000,56,8.236640749999999,4,8.237210500000000,96,8.237780125000000,26
8.238961625000000,0,8.239740125000001,85,8.240466750000000,16
8.243944250000000,0,8.244722749999999,85,8.245449375000000,16
8.248927000000000,0,8.249705499999999,85,8.250483875000000,16
8.253909500000001,0,8.254688000000000,85,8.255466625000000,16
8.258892375000000,0,8.259670874999999,85,8.260449375000000,16
8.263926750000000,0,8.264705250000000,85,8.265431749999999,16
8.268908500000000,0,8.269686750000000,85,8.270413124999999,1
8.273889750000000,0,8.274668250000000,85,8.275394875000000,18,8.276277250000000,62,8.276796250000000,4,8.277315249999999,252,8.277834250000000,46
8.323817375000001,0,8.324595875000000,85,8.325322375000001,17,8.326152625000001,0,8.326671500000000,0,8.327190375000001,0,8.327709250000000,238
8.328747125000000,0,8.329525500000001,85,8.330044500000000,8,8.330839500000000,62,8.331409250000000,4,8.331978875000001,96,8.332548624999999,85
8.333728875000000,0,8.334507250000000,85,8.335078125000001,9,8.335976250000000,56,8.336545875000001,4,8.337115499999999,96,8.337685250000000,26
8.338762500000000,0,8.339540875000001,85,8.340267375000000,16
8.343745000000000,0,8.344523625000001,85,8.345302250000000,16
8.348727374999999,0,8.349506000000000,85,8.350284500000001,16
8.353709750000000,0,8.354488125000000,85,8.355266500000001,16
8.358692000000000,0,8.359470500000000,85,8.359989625000001,16
8.363726625000000,0,8.364505375000000,85,8.365232000000001,16
8.368709375000000,0,8.369487875000001,85,8.370214499999999,1
8.373692000000000,0,8.374470625000001,85,8.375197249999999,18,8.376079499999999,62,8.376598500000000,4,8.377117500000001,252,8.377636499999999,46
8.423620250000001,0,8.424398500000001,85,8.425125000000000,17,8.425955249999999,0,8.426474125000000,0,8.426993000000000,0,8.427512000000000,238
8.428549750000000,0,8.429328249999999,85,8.429899125000000,8,8.430589875000001,62,8.431159624999999,4,8.431729375000000,96,8.432299125000000,85
8.433531875000000,0,8.434310500000000,85,8.434881375000000,9,8.435883125000000,56,8.436452750000001,4,8.437022499999999,96,8.437592125000000,26
8.438566625000000,0,8.439345250000001,85,8.440071874999999,16
8.443549624999999,0,8.444328250000000,85,8.445106875000000,16
8.448532875000000,0,8.449311375000001,85,8.450089999999999,16
8.453515625000000,0,8.454294125000001,85,8.455072625000000,16
8.458498250000000,0,8.459276750000001,85,8.459795874999999,16
8.463532750000001,0,8.464311125000000,85,8.465037499999999,16
8.468514125000000,0,8.469292500000000,85,8.470019000000001,1
8.473495874999999,0,8.474274125000001,85,8.475052375000001,18,8.475882625000001,62,8.476401500000000,4,8.476920375000001,252,8.477439125000000,46
8.523418124999999,0,8.524196625000000,85,8.524922999999999,17,8.525753249999999,0,8.526272125000000,0,8.526790999999999,0,8.527309875000000,238
8.528347500000001,0,8.529125750000000,85,8.529696500000000,8,8.530491124999999,62,8.531060875000000,4,8.531630500000000,96,8.532200250000001,85
8.533381250000000,0,8.534159750000001,85,8.534886374999999,9,8.535784000000000,56,8.536353625000000,4,8.536923249999999,96,8.537492875000000,26
8.538363500000001,0,8.539142000000000,85,8.539920374999999,16
8.543345499999999,0,8.544124000000000,85,8.544902374999999,16
8.548327750000000,0,8.549106125000000,85,8.549884625000001,16
8.553309750000000,0,8.554088250000000,85,8.554607250000000,16
8.558343750000001,0,8.559121875000001,85,8.559848250000000,16
8.563325000000001,0,8.564103375000000,85,8.564829749999999,16
8.568307000000001,0,8.569085500000000,85,8.569812000000001,1
8.573289250000000,0,8.574067749999999,85,8.574846125000001,18,8.575676250000001,62,8.576195000000000,4,8.576713874999999,252,8.577232625000001,46
8.623212875000000,0,8.623991374999999,85,8.624718000000000,17,8.625548374999999,0,8.626067375000000,0,8.626586375000000,0,8.627105374999999,238
8.628143375000001,0,8.628921875000000,85,8.629492875000000,8,8.630494625000001,62,8.631064374999999,4,8.631634000000000,96,8.632203750000000,85
8.633177500000000,0,8.633956000000000,85,8.634682500000000,9,8.635528375000000,56,8.636098000000000,4,8.636667624999999,96,8.637237250000000,26
8.638159500000000,0,8.638937875000000,85,8.639716500000000,16
8.643141750000000,0,8.643920124999999,85,8.644698375000001,16
8.648123249999999,0,8.648901499999999,85,8.649679624999999,16
8.653104250000000,0,8.653882500000000,85,8.654401375000001,16
8.658137500000000,0,8.658915750000000,85,8.659642249999999,16
8.663118500000000,0,8.663896749999999,85,8.664623250000000,16
8.668099625000000,0,8.668877875000000,85,8.669656249999999,1
8.673080750000000,0,8.673859125000000,85,8.674637499999999,18,8.675467749999999,62,8.675986625000000,4,8.676505625000001,252,8.677024500000000,46
8.723000250000000,0,8.723778500000000,85,8.724505000000001,17,8.725335375000000,0,8.725854249999999,0,8.726373250000000,0,8.726892250000001,238
8.727930250000000,0,8.728708624999999,85,8.729279500000001,8,8.729970625000000,62,8.730540250000001,4,8.731109999999999,96,8.731679750000000,85
8.732964125000001,0,8.733742749999999,85,8.734521250000000,9,8.735315249999999,56,8.735885000000000,4,8.736454625000000,96,8.737024249999999,26
8.737946250000000,0,8.738724749999999,85,8.739503125000001,16
8.742928250000000,0,8.743706625000000,85,8.744485125000001,16
8.747910125000001,0,8.748688500000000,85,8.749207374999999,16
8.752943750000000,0,8.753722124999999,85,8.754448625000000,16
8.757925250000000,0,8.758703499999999,85,8.759430000000000,16
8.762906750000001,0,8.763685250000000,85,8.764411875000000,16
8.767889000000000,0,8.768667499999999,85,8.769445875000001,1
8.772871125000000,0,8.773649499999999,85,8.774427875000001,18,8.775258250000000,62,8.775777124999999,4,8.776296000000000,252,8.776814874999999,46
8.822789000000000,0,8.823567499999999,85,8.824294000000000,17,8.825124125000000,0,8.825642999999999,0,8.826161875000000,0,8.826680625000000,238
8.827718500000000,0,8.828496875000001,85,8.829067750000000,8,8.829862500000001,62,8.830432249999999,4,8.831002000000000,96,8.831571875000000,85
8.832752125000001,0,8.833530500000000,85,8.834308875000000,9,8.835051375000001,56,8.835621000000000,4,8.836190625000000,96,8.836760125000000,26
8.837733875000000,0,8.838512250000001,85,8.839290625000000,16
8.842714875000000,0,8.843493125000000,85,8.844271375000000,16
8.847695874999999,0,8.848474124999999,85,8.848993000000000,16
8.852728750000001,0,8.853507000000000,85,8.854233375000000,16
8.857709750000000,0,8.858488124999999,85,8.859214625000000,16
8.862691500000000,0,8.863469625000000,85,8.864248000000000,16
8.867672625000001,0,8.868450875000001,85,8.869229125000000,1
8.872653500000000,0,8.873431750000000,85,8.874210000000000,18,8.875040000000000,62,8.875558874999999,4,8.876077625000001,252,8.876596375000000,46
8.922569749999999,0,8.923348000000001,85,8.924074375000000,17,8.924904500000000,0,8.925423374999999,0,8.925942250000000,0,8.926461124999999,238
8.927550750000000,0,8.928329000000000,85,8.929107249999999,8,8.930005250000001,62,8.930574999999999,4,8.931144750000000,96,8.931714375000000,85
8.932531875000000,0,8.933310250000000,85,8.934088750000001,9,8.934986125000000,56,8.935555750000001,4,8.936125499999999,96,8.936695125000000,26
8.937513375000000,0,8.938291625000000,85,8.939069750000000,16
8.942493624999999,0,8.943271749999999,85,8.943790625000000,16
8.947526625000000,0,8.948304875000000,85,8.949031375000001,16
8.952507875000000,0,8.953286250000000,85,8.954012750000000,16
8.957489250000000,0,8.958267625000000,85,8.958994125000000,16
8.962470625000000,0,8.963248999999999,85,8.964027375000001,16
8.967452500000000,0,8.968230875000000,85,8.969009249999999,1
8.972434000000000,0,8.973212250000000,85,8.973990499999999,18,8.974820749999999,62,8.975339625000000,4,8.975858499999999,252,8.976377500000000,46
9.022346750000001,0,9.023124875000001,85,9.023851125000000,17,9.024732999999999,0,9.025251875000000,0,9.025770625000000,0,9.026289374999999,238
9.027326750000000,0,9.028104875000000,85,9.028883000000000,8,9.029625625000000,62,9.030195375000000,4,9.030765125000000,96,9.031334749999999,85
9.032306750000000,0,9.033084875000000,85,9.033863125000000,9,9.034605375000000,56,9.035175125000000,4,9.035744875000001,96,9.036314500000000,26
9.037287500000000,0,9.038065625000000,85,9.038843875000000,16
9.042268125000000,0,9.043046374999999,85,9.043565250000000,16
9.047300750000000,0,9.048079000000000,85,9.048805375000001,16
9.052281499999999,0,9.053059749999999,85,9.053786125000000,16
9.057262250000001,0,9.058040500000001,85,9.058818875000000,16
9.062243375000000,0,9.063021750000001,85,9.063800000000001,16
9.067224625000000,0,9.068002874999999,85,9.068781124999999,1
9.072205750000000,0,9.072984000000000,85,9.073503000000001,18,9.074333375000000,62,9.074852249999999,4,9.075371250000000,252,9.075890125000001,46
9.122120625000001,0,9.122899125000000,85,9.123677499999999,17,9.124507875000001,0,9.125026875000000,0,9.125545875000000,0,9.126064875000001,238
9.127102750000001,0,9.127881125000000,85,9.128659375000000,8,9.129608749999999,62,9.130178500000000,4,9.130748125000000,96,9.131317749999999,85
9.132083625000000,0,9.132861875000000,85,9.133640124999999,9,9.134382250000000,56,9.134951875000000,4,9.135521499999999,96,9.136091250000000,26
9.137064125000000,0,9.137842250000000,85,9.138361124999999,16
9.142044500000001,0,9.142822625000001,85,9.143393250000001,16
9.147076750000000,0,9.147854750000000,85,9.148581000000000,16
9.152056500000000,0,9.152834625000001,85,9.153561000000000,16
9.157036500000000,0,9.157814500000001,85,9.158592625000001,16
9.162016375000000,0,9.162794625000000,85,9.163572875000000,16
9.166997250000000,0,9.167775375000000,85,9.168553624999999,1
9.172029625000000,0,9.172807875000000,85,9.173534249999999,18,9.174364499999999,62,9.174883500000000,4,9.175402375000001,252,9.175921375000000,46
9.221891875000001,0,9.222670125000000,85,9.223448250000001,17,9.224278375000001,0,9.224797125000000,0,9.225315999999999,0,9.225834875000000,238
9.226872625000000,0,9.227651000000000,85,9.228429250000000,8,9.229378750000000,62,9.229948374999999,4,9.230518000000000,96,9.231087625000001,85
9.231853624999999,0,9.232631625000000,85,9.233409750000000,9,9.234359625000000,56,9.234929375000000,4,9.235499000000001,96,9.236068749999999,26
9.236833875000000,0,9.237612125000000,85,9.238130875000000,16
9.241866125000000,0,9.242644250000000,85,9.243370625000001,16
9.246846874999999,0,9.247625125000001,85,9.248351500000000,16
9.251827625000001,0,9.252605750000001,85,9.253384000000000,16
9.256808375000000,0,9.257586500000000,85,9.258364500000001,16
9.261789125000000,0,9.262567499999999,85,9.263345875000001,16
9.266770624999999,0,9.267548874999999,85,9.268067875000000,1
9.271803750000000,0,9.272582125000000,85,9.273308500000001,18,9.274138625000001,62,9.274657500000000,4,9.275176374999999,252,9.275695250000000,46
9.321671374999999,0,9.322449750000001,85,9.323228000000000,17,9.324058250000000,0,9.324577124999999,0,9.325096000000000,0,9.325614874999999,238
9.326652749999999,0,9.327431125000000,85,9.328209375000000,8,9.328951375000001,62,9.329521000000000,4,9.330090625000000,96,9.330660249999999,85
9.331634375000000,0,9.332412750000000,85,9.332931625000001,9,9.333777874999999,56,9.334347500000000,4,9.334917125000000,96,9.335486625000000,26
9.336615875000000,0,9.337394375000001,85,9.337965250000000,16
9.341649875000000,0,9.342428249999999,85,9.343154750000000,16
9.346631500000001,0,9.347409875000000,85,9.348136250000000,16
9.351612125000001,0,9.352390500000000,85,9.353168625000000,16
9.356593125000000,0,9.357371625000001,85,9.358150000000000,16
9.361574875000001,0,9.362353250000000,85,9.363131624999999,16
9.366607750000000,0,9.367386000000000,85,9.368112375000001,1
9.371588875000000,0,9.372367125000000,85,9.373093624999999,18,9.373923749999999,62,9.374442625000000,4,9.374961624999999,252,9.375480500000000,46
9.421455625000000,0,9.422234000000000,85,9.423012375000001,17,9.423842750000000,0,9.424361625000000,0,9.424880625000000,0,9.425399625000001,238
9.426437625000000,0,9.427216124999999,85,9.427994625000000,8,9.428685249999999,62,9.429254999999999,4,9.429824625000000,96,9.430394250000001,85
9.431419625000000,0,9.432198000000000,85,9.432717000000000,9,9.433408375000001,56,9.433978124999999,4,9.434547875000000,96,9.435117625000000,26
9.436400750000001,0,9.437179000000000,85,9.437749750000000,16
9.441434250000000,0,9.442212749999999,85,9.442939250000000,16
9.446416500000000,0,9.447195000000001,85,9.447973375000000,16
9.451398125000001,0,9.452176625000000,85,9.452954999999999,16
9.456379625000000,0,9.457158000000000,85,9.457936374999999,16
9.461361250000000,0,9.462139499999999,85,9.462658500000000,16
9.466394875000001,0,9.467173375000000,85,9.467899875000001,1
9.471376500000000,0,9.472155000000001,85,9.472881375000000,18,9.473711625000000,62,9.474230625000001,4,9.474749500000000,252,9.475268500000000,46
9.521244375000000,0,9.522022750000000,85,9.522800999999999,17,9.523631125000000,0,9.524149875000001,0,9.524668625000000,0,9.525187499999999,238
9.526225250000000,0,9.527003625000001,85,9.527522500000000,8,9.528265500000000,62,9.528835250000000,4,9.529404875000001,96,9.529974624999999,85
9.531206750000001,0,9.531985000000001,85,9.532555875000000,9,9.533298625000000,56,9.533868375000001,4,9.534438000000000,96,9.535007750000000,26
9.536187875000000,0,9.536966124999999,85,9.537536875000001,16
9.541221374999999,0,9.541999875000000,85,9.542726375000001,16
9.546203500000001,0,9.546981875000000,85,9.547760250000000,16
9.551185374999999,0,9.551963750000001,85,9.552742125000000,16
9.556167374999999,0,9.556945875000000,85,9.557724374999999,16
9.561201750000000,0,9.561980250000000,85,9.562706750000000,16
9.566183125000000,0,9.566961375000000,85,9.567687625000000,1
9.571163374999999,0,9.571941499999999,85,9.572667750000001,18,9.573549874999999,62,9.574068750000000,4,9.574587624999999,252,9.575106500000000,46
9.621082250000001,0,9.621860625000000,85,9.622587125000001,17,9.623417375000001,0,9.623936375000000,0,9.624455250000000,0,9.624974249999999,238
9.626012125000001,0,9.626790500000000,85,9.627309500000001,8,9.628104125000000,62,9.628673875000000,4,9.629243499999999,224,9.629813250000000,212
9.630993999999999,0,9.631772500000000,85,9.632343250000000,9,9.633034374999999,56,9.633604000000000,4,9.634173750000000,96,9.634743374999999,26
9.636028250000001,0,9.636806875000000,85,9.637533375000000,16
9.641010500000000,0,9.641788999999999,85,9.642567500000000,16
9.645993000000001,0,9.646771500000000,85,9.647550000000001,16
9.650975375000000,0,9.651753749999999,85,9.652532125000000,16
9.655957250000000,0,9.656735500000000,85,9.657254375000001,16
9.660990249999999,0,9.661768500000001,85,9.662495000000000,16
9.665971125000000,0,9.666749375000000,85,9.667475749999999,1
9.670952000000000,0,9.671730250000000,85,9.672456750000000,18,9.673338749999999,62,9.673857625000000,4,9.674376625000001,252,9.674895500000000,46
9.720870625000000,0,9.721648999999999,85,9.722375375000000,17,9.723205625000000,0,9.723724624999999,0,9.724243625000000,0,9.724762750000000,238
9.725800874999999,0,9.726579375000000,85,9.727150249999999,8,9.727841124999999,62,9.728410875000000,4,9.728980625000000,96,9.729550375000001,85
9.730783000000001,0,9.731561250000000,85,9.732132000000000,9,9.733081875000000,56,9.733651500000001,4,9.734221124999999,96,9.734790750000000,26
9.735816500000000,0,9.736594875000000,85,9.737321500000000,16
9.740798750000000,0,9.741577250000001,85,9.742355750000000,16
9.745781125000001,0,9.746559500000000,85,9.747337750000000,16
9.750762874999999,0,9.751541250000001,85,9.752319750000000,16
9.755744750000000,0,9.756523250000001,85,9.757042250000000,16
9.760778875000000,0,9.761557249999999,85,9.762283875000000,16
9.765760875000000,0,9.766539375000001,85,9.767265999999999,1
9.770743250000001,0,9.771521625000000,85,9.772300124999999,18,9.773130374999999,62,9.773649250000000,4,9.774168250000001,252,9.774687125000000,46
9.820666375000000,0,9.821444874999999,85,9.822171375000000,17,9.823001500000000,0,9.823520374999999,0,9.824039375000000,0,9.824558250000001,238
9.825596125000001,0,9.826374625000000,85,9.826945500000001,8,9.827791749999999,62,9.828361500000000,4,9.828931250000000,96,9.829500875000001,85
9.830629750000000,0,9.831408124999999,85,9.832134625000000,9,9.833136000000000,56,9.833705625000000,4,9.834275249999999,96,9.834845000000000,26
9.835611125000000,0,9.836389375000000,85,9.837167875000000,16
9.840592750000001,0,9.841371000000001,85,9.842149250000000,16
9.845573874999999,0,9.846352124999999,85,9.847130500000000,16
9.850555249999999,0,9.851333625000001,85,9.851852500000000,16
9.855588624999999,0,9.856367000000001,85,9.857093500000000,16
9.860570875000001,0,9.861349250000000,85,9.862075750000001,16
9.865552875000001,0,9.866331375000000,85,9.867058000000000,1
9.870535125000000,0,9.871313625000001,85,9.872092000000000,18,9.872922375000000,62,9.873441250000001,4,9.873960125000000,252,9.874478999999999,46
9.920454625000000,0,9.921233000000001,85,9.921959500000000,17,9.922789625000000,0,9.923308499999999,0,9.923827500000000,0,9.924346375000001,238
9.925384250000000,0,9.926162500000000,85,9.926733250000000,8,9.927424250000000,62,9.927993875000000,4,9.928563625000001,96,9.929133374999999,85
9.930417374999999,0,9.931195625000001,85,9.931922000000000,9,9.932768250000001,56,9.933337999999999,4,9.933907625000000,96,9.934477375000000,26
9.935398375000000,0,9.936176500000000,85,9.936954750000000,16
9.940379500000001,0,9.941157499999999,85,9.941935624999999,16
9.945359625000000,0,9.946137750000000,85,9.946915875000000,16
9.950340125000000,0,9.951118375000000,85,9.951637249999999,16
9.955372875000000,0,9.956151125000000,85,9.956877499999999,16
9.960353500000000,0,9.961131625000000,85,9.961857999999999,16
9.965334250000000,0,9.966112499999999,85,9.966890749999999,1
